-7.38479e-09
-5.14959e-09
-4.87063e-09
 -4.7386e-09
-4.67049e-09
-4.62917e-09
 -4.6014e-09
 -4.5814e-09
 -4.5663e-09
-4.55452e-09
 -4.5451e-09
-4.53743e-09
-4.53109e-09
-4.52579e-09
-4.52133e-09
-4.51755e-09
-4.51432e-09
-4.51157e-09
-4.50921e-09
-4.50719e-09
-4.50548e-09
-4.50402e-09
 -4.5028e-09
-4.50179e-09
-4.50097e-09
-4.50033e-09
-4.49985e-09
-4.49951e-09
-4.49932e-09
-4.49925e-09
-4.49932e-09
 -4.4995e-09
 -4.4998e-09
-4.50022e-09
-4.50074e-09
-4.50137e-09
 -4.5021e-09
-4.50294e-09
-4.50388e-09
-4.50493e-09
-4.50608e-09
-4.50733e-09
-4.50868e-09
-4.51014e-09
-4.51171e-09
-4.51339e-09
-4.51518e-09
-4.51709e-09
-4.51911e-09
-4.52126e-09
-4.52354e-09
-4.52596e-09
-4.52852e-09
-4.53124e-09
-4.53412e-09
-4.53719e-09
-4.54045e-09
-4.54393e-09
-4.54765e-09
-4.55164e-09
-4.55594e-09
-4.56059e-09
-4.56565e-09
-4.57119e-09
 -4.5773e-09
 -4.5841e-09
-4.59173e-09
-4.60039e-09
-4.61035e-09
-4.62197e-09
-4.63577e-09
-4.65251e-09
-4.67337e-09
-4.70027e-09
-4.73659e-09
-4.78899e-09
-4.87225e-09
-5.02659e-09
-5.34083e-09
-7.72087e-09
-5.10606e-09
-2.90212e-09
-2.69913e-09
-2.60826e-09
-2.56443e-09
-2.53826e-09
-2.52061e-09
-2.50778e-09
-2.49802e-09
-2.49035e-09
 -2.4842e-09
-2.47917e-09
-2.47501e-09
-2.47152e-09
-2.46857e-09
-2.46606e-09
-2.46391e-09
-2.46206e-09
-2.46046e-09
-2.45908e-09
-2.45788e-09
-2.45684e-09
-2.45595e-09
-2.45519e-09
-2.45453e-09
-2.45398e-09
-2.45353e-09
-2.45315e-09
-2.45286e-09
-2.45264e-09
 -2.4525e-09
-2.45241e-09
-2.45239e-09
-2.45243e-09
-2.45253e-09
-2.45268e-09
-2.45289e-09
-2.45315e-09
-2.45347e-09
-2.45384e-09
-2.45426e-09
-2.45473e-09
-2.45526e-09
-2.45584e-09
-2.45648e-09
-2.45718e-09
-2.45793e-09
-2.45875e-09
-2.45963e-09
-2.46058e-09
 -2.4616e-09
 -2.4627e-09
-2.46388e-09
-2.46515e-09
-2.46652e-09
-2.46799e-09
-2.46959e-09
-2.47131e-09
-2.47317e-09
 -2.4752e-09
-2.47742e-09
-2.47986e-09
-2.48255e-09
-2.48553e-09
-2.48887e-09
-2.49263e-09
-2.49691e-09
-2.50183e-09
-2.50755e-09
-2.51431e-09
-2.52241e-09
-2.53233e-09
-2.54477e-09
-2.56093e-09
-2.58289e-09
-2.61499e-09
-2.66755e-09
-2.77256e-09
-2.99997e-09
-5.34229e-09
-4.80177e-09
-2.68513e-09
-2.47662e-09
-2.38425e-09
-2.34004e-09
-2.31374e-09
  -2.296e-09
-2.28309e-09
-2.27325e-09
-2.26553e-09
-2.25932e-09
-2.25426e-09
-2.25007e-09
-2.24655e-09
-2.24358e-09
-2.24105e-09
-2.23888e-09
-2.23701e-09
-2.23539e-09
-2.23398e-09
-2.23275e-09
-2.23168e-09
-2.23075e-09
-2.22994e-09
-2.22924e-09
-2.22864e-09
-2.22813e-09
 -2.2277e-09
-2.22734e-09
-2.22705e-09
-2.22682e-09
-2.22666e-09
-2.22655e-09
-2.22649e-09
-2.22649e-09
-2.22654e-09
-2.22663e-09
-2.22678e-09
-2.22697e-09
-2.22721e-09
-2.22749e-09
-2.22782e-09
 -2.2282e-09
-2.22863e-09
-2.22911e-09
-2.22963e-09
-2.23022e-09
-2.23085e-09
-2.23155e-09
-2.23231e-09
-2.23314e-09
-2.23403e-09
-2.23501e-09
-2.23607e-09
-2.23722e-09
-2.23847e-09
-2.23984e-09
-2.24133e-09
-2.24297e-09
-2.24476e-09
-2.24674e-09
-2.24893e-09
-2.25137e-09
 -2.2541e-09
-2.25718e-09
-2.26067e-09
-2.26467e-09
-2.26931e-09
-2.27474e-09
 -2.2812e-09
-2.28899e-09
-2.29859e-09
 -2.3107e-09
 -2.3265e-09
-2.34811e-09
-2.37993e-09
-2.43259e-09
-2.53918e-09
-2.77304e-09
-5.02888e-09
-4.64659e-09
-2.58329e-09
-2.37448e-09
-2.28135e-09
-2.23639e-09
-2.20951e-09
-2.19132e-09
-2.17805e-09
-2.16793e-09
-2.15998e-09
 -2.1536e-09
-2.14839e-09
-2.14408e-09
-2.14047e-09
-2.13742e-09
-2.13482e-09
-2.13259e-09
-2.13066e-09
-2.12899e-09
-2.12753e-09
-2.12626e-09
-2.12515e-09
-2.12418e-09
-2.12333e-09
-2.12259e-09
-2.12195e-09
 -2.1214e-09
-2.12092e-09
-2.12052e-09
-2.12018e-09
 -2.1199e-09
-2.11969e-09
-2.11953e-09
-2.11942e-09
-2.11935e-09
-2.11934e-09
-2.11937e-09
-2.11945e-09
-2.11958e-09
-2.11974e-09
-2.11995e-09
-2.12021e-09
-2.12051e-09
-2.12085e-09
-2.12125e-09
-2.12169e-09
-2.12218e-09
-2.12273e-09
-2.12333e-09
  -2.124e-09
-2.12473e-09
-2.12553e-09
 -2.1264e-09
-2.12737e-09
-2.12842e-09
-2.12958e-09
-2.13085e-09
-2.13225e-09
 -2.1338e-09
 -2.1355e-09
-2.13739e-09
 -2.1395e-09
-2.14185e-09
 -2.1445e-09
 -2.1475e-09
-2.15092e-09
-2.15486e-09
-2.15945e-09
-2.16485e-09
 -2.1713e-09
-2.17911e-09
-2.18878e-09
-2.20102e-09
-2.21705e-09
-2.23902e-09
-2.27142e-09
-2.32502e-09
-2.43295e-09
-2.66842e-09
-4.87528e-09
-4.55543e-09
 -2.5297e-09
-2.32242e-09
-2.22923e-09
-2.18376e-09
-2.15636e-09
-2.13771e-09
-2.12407e-09
-2.11365e-09
-2.10545e-09
-2.09888e-09
-2.09351e-09
-2.08907e-09
-2.08535e-09
-2.08221e-09
-2.07953e-09
-2.07723e-09
-2.07524e-09
-2.07352e-09
-2.07202e-09
-2.07071e-09
-2.06956e-09
-2.06855e-09
-2.06766e-09
-2.06689e-09
-2.06622e-09
-2.06563e-09
-2.06512e-09
-2.06469e-09
-2.06432e-09
-2.06401e-09
-2.06376e-09
-2.06357e-09
-2.06342e-09
-2.06333e-09
-2.06328e-09
-2.06327e-09
-2.06331e-09
 -2.0634e-09
-2.06353e-09
 -2.0637e-09
-2.06391e-09
-2.06417e-09
-2.06447e-09
-2.06482e-09
-2.06522e-09
-2.06567e-09
-2.06617e-09
-2.06673e-09
-2.06735e-09
-2.06803e-09
-2.06879e-09
-2.06963e-09
-2.07056e-09
-2.07158e-09
-2.07272e-09
-2.07397e-09
-2.07535e-09
-2.07688e-09
-2.07857e-09
-2.08046e-09
-2.08256e-09
-2.08492e-09
-2.08757e-09
-2.09058e-09
-2.09402e-09
  -2.098e-09
-2.10264e-09
-2.10812e-09
-2.11467e-09
-2.12264e-09
-2.13251e-09
-2.14505e-09
-2.16147e-09
-2.18399e-09
-2.21713e-09
-2.27171e-09
-2.38059e-09
-2.61621e-09
-4.79272e-09
-4.48963e-09
-2.49378e-09
-2.28882e-09
-2.19618e-09
-2.15058e-09
-2.12289e-09
-2.10393e-09
-2.09001e-09
-2.07934e-09
-2.07094e-09
-2.06419e-09
-2.05868e-09
-2.05412e-09
 -2.0503e-09
-2.04708e-09
-2.04433e-09
-2.04197e-09
-2.03993e-09
-2.03816e-09
-2.03662e-09
-2.03527e-09
-2.03408e-09
-2.03305e-09
-2.03213e-09
-2.03133e-09
-2.03063e-09
-2.03002e-09
-2.02949e-09
-2.02903e-09
-2.02864e-09
-2.02831e-09
-2.02804e-09
-2.02782e-09
-2.02766e-09
-2.02754e-09
-2.02747e-09
-2.02745e-09
-2.02746e-09
-2.02753e-09
-2.02763e-09
-2.02778e-09
-2.02797e-09
-2.02821e-09
-2.02849e-09
-2.02881e-09
-2.02919e-09
-2.02962e-09
 -2.0301e-09
-2.03064e-09
-2.03125e-09
-2.03192e-09
-2.03267e-09
-2.03351e-09
-2.03444e-09
-2.03548e-09
-2.03663e-09
-2.03791e-09
-2.03933e-09
 -2.0409e-09
-2.04265e-09
-2.04458e-09
-2.04674e-09
-2.04915e-09
-2.05185e-09
-2.05492e-09
-2.05843e-09
-2.06248e-09
-2.06721e-09
 -2.0728e-09
-2.07949e-09
-2.08764e-09
-2.09776e-09
 -2.1106e-09
-2.12742e-09
-2.15045e-09
-2.18424e-09
-2.23957e-09
-2.34906e-09
-2.58444e-09
-4.74101e-09
-4.43453e-09
-2.46551e-09
 -2.2634e-09
-2.17177e-09
 -2.1264e-09
-2.09865e-09
-2.07953e-09
-2.06542e-09
-2.05458e-09
-2.04602e-09
-2.03914e-09
-2.03351e-09
-2.02885e-09
-2.02495e-09
-2.02166e-09
-2.01885e-09
-2.01643e-09
-2.01435e-09
-2.01254e-09
-2.01096e-09
-2.00958e-09
-2.00836e-09
 -2.0073e-09
-2.00636e-09
-2.00554e-09
-2.00482e-09
-2.00419e-09
-2.00364e-09
-2.00317e-09
-2.00276e-09
-2.00241e-09
-2.00213e-09
 -2.0019e-09
-2.00172e-09
-2.00159e-09
 -2.0015e-09
-2.00147e-09
-2.00147e-09
-2.00152e-09
-2.00162e-09
-2.00175e-09
-2.00193e-09
-2.00216e-09
-2.00243e-09
-2.00275e-09
-2.00312e-09
-2.00354e-09
-2.00402e-09
-2.00457e-09
-2.00518e-09
-2.00587e-09
-2.00664e-09
 -2.0075e-09
-2.00848e-09
-2.00957e-09
-2.01079e-09
-2.01216e-09
-2.01369e-09
-2.01538e-09
-2.01724e-09
 -2.0193e-09
-2.02158e-09
 -2.0241e-09
 -2.0269e-09
-2.03007e-09
-2.03367e-09
-2.03781e-09
-2.04265e-09
-2.04836e-09
-2.05521e-09
-2.06355e-09
-2.07389e-09
-2.08701e-09
-2.10418e-09
-2.12765e-09
-2.16196e-09
-2.21785e-09
-2.32772e-09
-2.56281e-09
-4.70539e-09
-4.38268e-09
-2.44021e-09
-2.24146e-09
-2.15126e-09
 -2.1064e-09
-2.07879e-09
-2.05966e-09
-2.04546e-09
-2.03451e-09
-2.02585e-09
-2.01886e-09
-2.01315e-09
-2.00841e-09
-2.00444e-09
-2.00109e-09
-1.99823e-09
-1.99577e-09
-1.99365e-09
 -1.9918e-09
-1.99019e-09
-1.98878e-09
-1.98755e-09
-1.98646e-09
 -1.9855e-09
-1.98466e-09
-1.98393e-09
-1.98328e-09
-1.98272e-09
-1.98223e-09
-1.98182e-09
-1.98146e-09
-1.98117e-09
-1.98093e-09
-1.98074e-09
 -1.9806e-09
-1.98051e-09
-1.98047e-09
-1.98047e-09
-1.98051e-09
 -1.9806e-09
-1.98074e-09
-1.98092e-09
-1.98114e-09
-1.98142e-09
-1.98174e-09
-1.98212e-09
-1.98255e-09
-1.98305e-09
-1.98361e-09
-1.98426e-09
-1.98499e-09
-1.98581e-09
-1.98675e-09
-1.98782e-09
-1.98904e-09
-1.99042e-09
-1.99197e-09
-1.99371e-09
-1.99563e-09
-1.99775e-09
-2.00005e-09
-2.00255e-09
-2.00526e-09
-2.00824e-09
-2.01155e-09
-2.01528e-09
-2.01954e-09
 -2.0245e-09
-2.03034e-09
-2.03734e-09
-2.04585e-09
-2.05639e-09
-2.06977e-09
-2.08724e-09
-2.11107e-09
-2.14578e-09
-2.20208e-09
 -2.3122e-09
-2.54699e-09
-4.67922e-09
-4.32895e-09
-2.41475e-09
-2.21991e-09
 -2.1315e-09
-2.08742e-09
-2.06012e-09
-2.04107e-09
-2.02688e-09
-2.01588e-09
-2.00716e-09
-2.00011e-09
-1.99434e-09
-1.98955e-09
-1.98553e-09
-1.98213e-09
-1.97923e-09
-1.97673e-09
-1.97458e-09
 -1.9727e-09
-1.97107e-09
-1.96964e-09
-1.96838e-09
-1.96728e-09
-1.96631e-09
-1.96546e-09
-1.96471e-09
-1.96405e-09
-1.96348e-09
-1.96299e-09
-1.96256e-09
 -1.9622e-09
 -1.9619e-09
-1.96166e-09
-1.96147e-09
-1.96133e-09
-1.96124e-09
-1.96119e-09
 -1.9612e-09
-1.96125e-09
-1.96134e-09
-1.96148e-09
-1.96167e-09
-1.96191e-09
 -1.9622e-09
-1.96254e-09
-1.96295e-09
-1.96341e-09
-1.96395e-09
-1.96457e-09
-1.96528e-09
-1.96609e-09
-1.96703e-09
-1.96812e-09
-1.96937e-09
-1.97082e-09
-1.97249e-09
 -1.9744e-09
-1.97656e-09
-1.97895e-09
-1.98154e-09
-1.98431e-09
-1.98723e-09
-1.99031e-09
-1.99358e-09
-1.99711e-09
-2.00102e-09
-2.00543e-09
-2.01052e-09
 -2.0165e-09
-2.02364e-09
 -2.0323e-09
-2.04304e-09
-2.05663e-09
-2.07435e-09
-2.09846e-09
-2.13349e-09
-2.19009e-09
-2.30037e-09
-2.53488e-09
 -4.6591e-09
-4.26851e-09
-2.38599e-09
-2.19563e-09
-2.10934e-09
 -2.0662e-09
-2.03934e-09
-2.02049e-09
-2.00637e-09
-1.99539e-09
-1.98665e-09
-1.97958e-09
-1.97377e-09
-1.96894e-09
-1.96489e-09
-1.96146e-09
-1.95853e-09
-1.95601e-09
-1.95383e-09
-1.95194e-09
-1.95029e-09
-1.94884e-09
-1.94758e-09
-1.94646e-09
-1.94548e-09
-1.94462e-09
-1.94386e-09
 -1.9432e-09
-1.94263e-09
-1.94213e-09
 -1.9417e-09
-1.94134e-09
-1.94104e-09
 -1.9408e-09
-1.94062e-09
-1.94048e-09
 -1.9404e-09
-1.94037e-09
-1.94038e-09
-1.94045e-09
-1.94056e-09
-1.94072e-09
-1.94094e-09
-1.94121e-09
-1.94153e-09
-1.94192e-09
-1.94238e-09
-1.94291e-09
-1.94353e-09
-1.94424e-09
-1.94508e-09
-1.94605e-09
 -1.9472e-09
-1.94855e-09
-1.95014e-09
-1.95203e-09
-1.95425e-09
-1.95684e-09
 -1.9598e-09
-1.96309e-09
-1.96662e-09
 -1.9703e-09
-1.97402e-09
-1.97775e-09
-1.98151e-09
-1.98542e-09
-1.98959e-09
 -1.9942e-09
-1.99945e-09
-2.00556e-09
-2.01284e-09
-2.02165e-09
-2.03255e-09
-2.04632e-09
-2.06425e-09
 -2.0886e-09
-2.12387e-09
-2.18069e-09
-2.29107e-09
-2.52533e-09
-4.64313e-09
-4.19561e-09
-2.34983e-09
 -2.1644e-09
-2.08041e-09
-2.03834e-09
  -2.012e-09
-1.99342e-09
-1.97943e-09
-1.96851e-09
 -1.9598e-09
-1.95274e-09
-1.94693e-09
-1.94209e-09
-1.93803e-09
-1.93459e-09
-1.93165e-09
-1.92911e-09
-1.92692e-09
-1.92502e-09
-1.92336e-09
-1.92191e-09
-1.92063e-09
-1.91951e-09
-1.91853e-09
-1.91767e-09
-1.91691e-09
-1.91625e-09
-1.91568e-09
-1.91519e-09
-1.91477e-09
-1.91442e-09
-1.91413e-09
 -1.9139e-09
-1.91373e-09
-1.91362e-09
-1.91356e-09
-1.91355e-09
-1.91359e-09
-1.91369e-09
-1.91384e-09
-1.91405e-09
-1.91431e-09
-1.91464e-09
-1.91504e-09
-1.91551e-09
-1.91607e-09
-1.91672e-09
-1.91749e-09
-1.91839e-09
-1.91945e-09
-1.92071e-09
-1.92222e-09
-1.92404e-09
-1.92625e-09
-1.92893e-09
-1.93216e-09
-1.93601e-09
-1.94049e-09
 -1.9455e-09
-1.95085e-09
-1.95626e-09
 -1.9615e-09
-1.96643e-09
-1.97108e-09
-1.97558e-09
-1.98015e-09
-1.98503e-09
-1.99047e-09
-1.99674e-09
-2.00415e-09
 -2.0131e-09
-2.02414e-09
-2.03807e-09
-2.05618e-09
-2.08071e-09
-2.11617e-09
-2.17316e-09
-2.28359e-09
 -2.5176e-09
-4.63014e-09
-4.10287e-09
-2.30033e-09
-2.11992e-09
-2.03821e-09
-1.99717e-09
-1.97138e-09
 -1.9531e-09
 -1.9393e-09
-1.92851e-09
-1.91988e-09
-1.91286e-09
-1.90709e-09
-1.90227e-09
-1.89822e-09
-1.89479e-09
-1.89185e-09
-1.88932e-09
-1.88714e-09
-1.88524e-09
-1.88358e-09
-1.88213e-09
-1.88086e-09
-1.87975e-09
-1.87877e-09
-1.87792e-09
-1.87718e-09
-1.87653e-09
-1.87597e-09
 -1.8755e-09
 -1.8751e-09
-1.87477e-09
-1.87451e-09
-1.87432e-09
-1.87418e-09
 -1.8741e-09
-1.87408e-09
-1.87412e-09
-1.87422e-09
-1.87438e-09
-1.87461e-09
 -1.8749e-09
-1.87526e-09
 -1.8757e-09
-1.87623e-09
-1.87685e-09
-1.87759e-09
-1.87846e-09
-1.87948e-09
 -1.8807e-09
-1.88216e-09
-1.88393e-09
-1.88607e-09
-1.88871e-09
-1.89198e-09
-1.89604e-09
-1.90107e-09
 -1.9072e-09
-1.91447e-09
-1.92271e-09
-1.93149e-09
 -1.9402e-09
-1.94825e-09
-1.95533e-09
-1.96147e-09
-1.96694e-09
-1.97212e-09
-1.97738e-09
-1.98306e-09
 -1.9895e-09
-1.99705e-09
-2.00613e-09
-2.01729e-09
-2.03136e-09
-2.04961e-09
-2.07429e-09
 -2.1099e-09
-2.16701e-09
-2.27747e-09
-2.51125e-09
-4.61936e-09
-3.98128e-09
 -2.2294e-09
-2.05345e-09
-1.97359e-09
-1.93338e-09
-1.90807e-09
-1.89013e-09
-1.87657e-09
-1.86596e-09
-1.85746e-09
-1.85054e-09
-1.84484e-09
-1.84008e-09
-1.83608e-09
-1.83268e-09
-1.82977e-09
-1.82727e-09
 -1.8251e-09
-1.82322e-09
-1.82159e-09
-1.82016e-09
-1.81891e-09
-1.81782e-09
-1.81687e-09
-1.81604e-09
-1.81533e-09
-1.81471e-09
-1.81419e-09
-1.81375e-09
 -1.8134e-09
-1.81311e-09
 -1.8129e-09
-1.81276e-09
-1.81269e-09
-1.81268e-09
-1.81274e-09
-1.81287e-09
-1.81307e-09
-1.81334e-09
-1.81369e-09
-1.81413e-09
-1.81465e-09
-1.81528e-09
-1.81603e-09
-1.81692e-09
-1.81796e-09
 -1.8192e-09
-1.82067e-09
-1.82243e-09
-1.82456e-09
-1.82716e-09
-1.83036e-09
-1.83436e-09
 -1.8394e-09
-1.84578e-09
-1.85384e-09
-1.86389e-09
-1.87606e-09
-1.89006e-09
-1.90505e-09
-1.91969e-09
-1.93272e-09
-1.94348e-09
-1.95205e-09
-1.95902e-09
-1.96508e-09
-1.97085e-09
-1.97684e-09
-1.98348e-09
-1.99117e-09
-2.00037e-09
-2.01165e-09
-2.02583e-09
 -2.0442e-09
  -2.069e-09
-2.10472e-09
-2.16193e-09
-2.27239e-09
-2.50594e-09
 -4.6103e-09
-3.82251e-09
-2.12855e-09
-1.95554e-09
-1.87665e-09
-1.83685e-09
-1.81188e-09
-1.79426e-09
-1.78098e-09
 -1.7706e-09
-1.76229e-09
-1.75553e-09
-1.74994e-09
-1.74528e-09
-1.74136e-09
-1.73802e-09
-1.73517e-09
-1.73272e-09
-1.73061e-09
-1.72877e-09
-1.72718e-09
-1.72579e-09
-1.72459e-09
-1.72354e-09
-1.72263e-09
-1.72186e-09
-1.72119e-09
-1.72063e-09
-1.72017e-09
 -1.7198e-09
-1.71951e-09
-1.71931e-09
-1.71918e-09
-1.71913e-09
-1.71916e-09
-1.71927e-09
-1.71946e-09
-1.71973e-09
-1.72009e-09
-1.72054e-09
 -1.7211e-09
-1.72176e-09
-1.72256e-09
 -1.7235e-09
 -1.7246e-09
 -1.7259e-09
-1.72744e-09
-1.72926e-09
-1.73143e-09
-1.73405e-09
-1.73722e-09
-1.74113e-09
-1.74599e-09
-1.75212e-09
-1.75992e-09
-1.76993e-09
-1.78277e-09
-1.79906e-09
-1.81914e-09
-1.84261e-09
-1.86791e-09
-1.89241e-09
-1.91356e-09
 -1.9301e-09
-1.94235e-09
-1.95147e-09
-1.95874e-09
-1.96517e-09
-1.97154e-09
 -1.9784e-09
-1.98625e-09
-1.99556e-09
-2.00695e-09
-2.02123e-09
-2.03969e-09
-2.06459e-09
-2.10041e-09
-2.15768e-09
-2.26813e-09
-2.50147e-09
-4.60258e-09
-3.62445e-09
-1.99424e-09
-1.82191e-09
-1.74268e-09
-1.70266e-09
-1.67779e-09
-1.66041e-09
-1.64741e-09
-1.63729e-09
-1.62921e-09
-1.62264e-09
-1.61721e-09
-1.61268e-09
-1.60887e-09
-1.60563e-09
-1.60287e-09
-1.60049e-09
-1.59845e-09
-1.59668e-09
-1.59515e-09
-1.59383e-09
-1.59269e-09
-1.59172e-09
-1.59088e-09
-1.59018e-09
-1.58959e-09
-1.58912e-09
-1.58874e-09
-1.58847e-09
-1.58828e-09
-1.58819e-09
-1.58819e-09
-1.58828e-09
-1.58846e-09
-1.58874e-09
-1.58911e-09
-1.58959e-09
-1.59018e-09
 -1.5909e-09
-1.59175e-09
-1.59276e-09
-1.59394e-09
-1.59532e-09
-1.59694e-09
-1.59885e-09
-1.60109e-09
-1.60375e-09
-1.60694e-09
-1.61078e-09
-1.61546e-09
-1.62123e-09
-1.62846e-09
-1.63761e-09
-1.64934e-09
 -1.6645e-09
-1.68414e-09
-1.70936e-09
-1.74086e-09
-1.77813e-09
-1.81855e-09
-1.85747e-09
-1.89031e-09
-1.91497e-09
 -1.9322e-09
-1.94414e-09
-1.95293e-09
-1.96017e-09
-1.96698e-09
 -1.9741e-09
 -1.9821e-09
-1.99153e-09
  -2.003e-09
-2.01737e-09
-2.03592e-09
 -2.0609e-09
-2.09679e-09
 -2.1541e-09
-2.26452e-09
-2.49766e-09
-4.59593e-09
-3.39693e-09
-1.83412e-09
-1.66031e-09
-1.57938e-09
-1.53839e-09
-1.51323e-09
-1.49591e-09
 -1.4831e-09
-1.47321e-09
-1.46534e-09
-1.45896e-09
 -1.4537e-09
-1.44932e-09
-1.44563e-09
-1.44251e-09
-1.43984e-09
-1.43756e-09
-1.43561e-09
-1.43392e-09
-1.43248e-09
-1.43124e-09
-1.43018e-09
-1.42929e-09
-1.42855e-09
-1.42794e-09
-1.42745e-09
-1.42708e-09
-1.42682e-09
-1.42667e-09
-1.42662e-09
-1.42668e-09
-1.42683e-09
 -1.4271e-09
-1.42747e-09
-1.42796e-09
-1.42857e-09
-1.42932e-09
-1.43021e-09
-1.43126e-09
-1.43249e-09
-1.43393e-09
-1.43561e-09
-1.43756e-09
-1.43984e-09
-1.44252e-09
-1.44567e-09
-1.44941e-09
-1.45388e-09
-1.45929e-09
-1.46589e-09
-1.47406e-09
-1.48428e-09
-1.49727e-09
-1.51396e-09
-1.53561e-09
-1.56381e-09
-1.60023e-09
-1.64605e-09
-1.70064e-09
-1.75999e-09
-1.81687e-09
-1.86413e-09
-1.89864e-09
-1.92181e-09
-1.93705e-09
-1.94758e-09
-1.95575e-09
-1.96304e-09
-1.97042e-09
-1.97858e-09
-1.98812e-09
-1.99968e-09
-2.01412e-09
-2.03274e-09
-2.05779e-09
-2.09373e-09
-2.15107e-09
-2.26146e-09
-2.49441e-09
-4.59018e-09
-3.16023e-09
-1.66617e-09
-1.48977e-09
 -1.4062e-09
-1.36352e-09
-1.33759e-09
-1.32002e-09
-1.30721e-09
-1.29741e-09
-1.28968e-09
-1.28344e-09
-1.27831e-09
-1.27405e-09
-1.27047e-09
-1.26745e-09
-1.26488e-09
-1.26269e-09
-1.26082e-09
-1.25922e-09
-1.25786e-09
-1.25671e-09
-1.25574e-09
-1.25494e-09
-1.25429e-09
-1.25379e-09
-1.25341e-09
-1.25315e-09
-1.25302e-09
-1.25301e-09
 -1.2531e-09
-1.25332e-09
-1.25366e-09
-1.25412e-09
-1.25471e-09
-1.25544e-09
-1.25632e-09
-1.25736e-09
-1.25858e-09
-1.26001e-09
-1.26167e-09
 -1.2636e-09
-1.26584e-09
-1.26843e-09
-1.27146e-09
-1.27501e-09
-1.27919e-09
-1.28416e-09
 -1.2901e-09
-1.29728e-09
-1.30606e-09
-1.31692e-09
-1.33054e-09
-1.34784e-09
-1.37009e-09
-1.39898e-09
-1.43663e-09
-1.48533e-09
 -1.5467e-09
-1.61986e-09
-1.69932e-09
-1.77514e-09
-1.83751e-09
-1.88233e-09
 -1.9117e-09
-1.93037e-09
-1.94273e-09
-1.95184e-09
-1.95963e-09
-1.96728e-09
 -1.9756e-09
-1.98524e-09
-1.99687e-09
-2.01138e-09
-2.03006e-09
-2.05515e-09
-2.09114e-09
 -2.1485e-09
-2.25884e-09
 -2.4916e-09
-4.58517e-09
-2.93513e-09
-1.50879e-09
-1.33008e-09
-1.24359e-09
-1.19878e-09
-1.17165e-09
-1.15348e-09
 -1.1404e-09
-1.13052e-09
-1.12278e-09
-1.11657e-09
 -1.1115e-09
-1.10731e-09
 -1.1038e-09
-1.10084e-09
-1.09834e-09
-1.09622e-09
-1.09442e-09
-1.09289e-09
-1.09161e-09
-1.09053e-09
-1.08965e-09
-1.08893e-09
-1.08837e-09
-1.08796e-09
-1.08769e-09
-1.08755e-09
-1.08754e-09
-1.08765e-09
 -1.0879e-09
-1.08828e-09
-1.08879e-09
-1.08944e-09
-1.09025e-09
-1.09122e-09
-1.09237e-09
-1.09371e-09
-1.09528e-09
-1.09709e-09
-1.09919e-09
-1.10161e-09
-1.10442e-09
-1.10767e-09
-1.11147e-09
-1.11591e-09
-1.12115e-09
-1.12737e-09
-1.13482e-09
-1.14382e-09
-1.15484e-09
-1.16847e-09
-1.18555e-09
-1.20724e-09
 -1.2351e-09
-1.27122e-09
-1.31822e-09
-1.37888e-09
-1.45511e-09
 -1.5457e-09
-1.64373e-09
-1.73684e-09
  -1.813e-09
-1.86728e-09
-1.90242e-09
-1.92432e-09
-1.93841e-09
-1.94843e-09
-1.95669e-09
 -1.9646e-09
-1.97307e-09
 -1.9828e-09
 -1.9945e-09
-2.00906e-09
-2.02779e-09
-2.05293e-09
-2.08894e-09
-2.14631e-09
 -2.2566e-09
-2.48919e-09
-4.58079e-09
-2.73445e-09
-1.37253e-09
-1.19266e-09
-1.10363e-09
-1.05662e-09
-1.02804e-09
-1.00899e-09
-9.95407e-10
-9.85239e-10
-9.77349e-10
-9.71066e-10
-9.65963e-10
-9.61761e-10
-9.58264e-10
-9.55332e-10
-9.52863e-10
-9.50779e-10
 -9.4902e-10
-9.47543e-10
-9.46309e-10
-9.45292e-10
 -9.4447e-10
-9.43824e-10
-9.43342e-10
-9.43014e-10
-9.42832e-10
-9.42792e-10
-9.42891e-10
 -9.4313e-10
-9.43509e-10
-9.44033e-10
-9.44709e-10
-9.45546e-10
-9.46554e-10
-9.47749e-10
 -9.4915e-10
-9.50779e-10
-9.52664e-10
 -9.5484e-10
 -9.5735e-10
-9.60247e-10
-9.63598e-10
-9.67485e-10
-9.72013e-10
-9.77316e-10
-9.83567e-10
-9.90992e-10
-9.99885e-10
-1.01064e-09
-1.02379e-09
-1.04006e-09
-1.06043e-09
-1.08626e-09
-1.11936e-09
-1.16217e-09
-1.21765e-09
-1.28897e-09
-1.37815e-09
 -1.4836e-09
-1.59715e-09
-1.70457e-09
-1.79214e-09
-1.85433e-09
-1.89435e-09
-1.91905e-09
-1.93466e-09
-1.94549e-09
-1.95418e-09
-1.96233e-09
-1.97093e-09
-1.98075e-09
-1.99251e-09
-2.00712e-09
-2.02588e-09
-2.05105e-09
-2.08709e-09
-2.14445e-09
-2.25469e-09
-2.48711e-09
-4.57696e-09
-2.56224e-09
 -1.2597e-09
-1.08002e-09
-9.89165e-10
-9.40191e-10
-9.10128e-10
-8.90072e-10
-8.75832e-10
-8.65237e-10
 -8.5707e-10
-8.50607e-10
 -8.4539e-10
-8.41115e-10
-8.37574e-10
 -8.3462e-10
-8.32143e-10
-8.30064e-10
-8.28321e-10
-8.26866e-10
-8.25664e-10
-8.24685e-10
-8.23908e-10
-8.23314e-10
-8.22892e-10
-8.22631e-10
-8.22525e-10
-8.22569e-10
-8.22762e-10
-8.23105e-10
-8.23601e-10
-8.24255e-10
-8.25076e-10
-8.26075e-10
-8.27264e-10
-8.28663e-10
-8.30292e-10
-8.32179e-10
-8.34356e-10
-8.36864e-10
-8.39754e-10
-8.43086e-10
-8.46937e-10
-8.51404e-10
-8.56608e-10
-8.62705e-10
-8.69892e-10
-8.78429e-10
-8.88656e-10
-9.01024e-10
-9.16137e-10
-9.34814e-10
-9.58166e-10
-9.87705e-10
-1.02547e-09
-1.07412e-09
-1.13689e-09
-1.21717e-09
  -1.317e-09
-1.43439e-09
-1.56021e-09
-1.67881e-09
-1.77529e-09
-1.84371e-09
-1.88764e-09
-1.91461e-09
-1.93149e-09
-1.94301e-09
-1.95208e-09
-1.96042e-09
-1.96914e-09
-1.97903e-09
-1.99084e-09
-2.00549e-09
-2.02429e-09
-2.04948e-09
-2.08553e-09
-2.14289e-09
-2.25307e-09
-2.48532e-09
-4.57361e-09
-2.41714e-09
-1.16805e-09
-9.89656e-10
-8.97747e-10
-8.47214e-10
-8.15815e-10
-7.94753e-10
-7.79791e-10
-7.68687e-10
-7.60163e-10
-7.53449e-10
-7.48053e-10
-7.43652e-10
-7.40023e-10
-7.37007e-10
-7.34491e-10
-7.32388e-10
-7.30635e-10
-7.29182e-10
 -7.2799e-10
-7.27031e-10
-7.26282e-10
-7.25725e-10
-7.25347e-10
-7.25137e-10
-7.25091e-10
-7.25205e-10
-7.25476e-10
-7.25908e-10
-7.26504e-10
-7.27271e-10
-7.28219e-10
 -7.2936e-10
 -7.3071e-10
-7.32289e-10
-7.34122e-10
 -7.3624e-10
 -7.3868e-10
-7.41487e-10
-7.44718e-10
-7.48443e-10
-7.52748e-10
-7.57741e-10
-7.63558e-10
-7.70373e-10
-7.78409e-10
-7.87952e-10
-7.99382e-10
-8.13197e-10
-8.30065e-10
-8.50881e-10
 -8.7686e-10
-9.09638e-10
-9.51406e-10
  -1.005e-09
-1.07384e-09
 -1.1614e-09
-1.26971e-09
-1.39643e-09
-1.53168e-09
-1.65882e-09
-1.76208e-09
-1.83526e-09
-1.88222e-09
-1.91099e-09
-1.92888e-09
-1.94096e-09
-1.95033e-09
-1.95885e-09
-1.96766e-09
-1.97761e-09
-1.98947e-09
-2.00415e-09
-2.02297e-09
-2.04818e-09
-2.08423e-09
-2.14158e-09
 -2.2517e-09
-2.48379e-09
-4.57068e-09
-2.29561e-09
-1.09387e-09
-9.17506e-10
-8.25199e-10
-7.73541e-10
-7.41033e-10
-7.19056e-10
-7.03388e-10
-6.91754e-10
-6.82836e-10
-6.75828e-10
-6.70215e-10
-6.65652e-10
-6.61901e-10
-6.58797e-10
-6.56215e-10
-6.54067e-10
-6.52284e-10
-6.50814e-10
-6.49617e-10
-6.48663e-10
-6.47928e-10
-6.47393e-10
-6.47046e-10
-6.46876e-10
-6.46877e-10
-6.47046e-10
-6.47383e-10
 -6.4789e-10
-6.48572e-10
-6.49436e-10
-6.50494e-10
 -6.5176e-10
-6.53251e-10
-6.54991e-10
-6.57006e-10
 -6.5933e-10
-6.62005e-10
 -6.6508e-10
-6.68619e-10
-6.72698e-10
-6.77411e-10
-6.82877e-10
-6.89246e-10
-6.96708e-10
-7.05504e-10
-7.15948e-10
-7.28451e-10
 -7.4355e-10
-7.61964e-10
-7.84653e-10
-8.12906e-10
-8.48457e-10
-8.93606e-10
-9.51306e-10
-1.02509e-09
-1.11848e-09
-1.23346e-09
 -1.3674e-09
-1.50987e-09
-1.64347e-09
-1.75187e-09
-1.82867e-09
-1.87795e-09
 -1.9081e-09
-1.92678e-09
 -1.9393e-09
-1.94892e-09
-1.95757e-09
-1.96647e-09
-1.97647e-09
-1.98836e-09
-2.00306e-09
 -2.0219e-09
-2.04712e-09
-2.08317e-09
 -2.1405e-09
-2.25056e-09
 -2.4825e-09
-4.56815e-09
 -2.1938e-09
-1.03358e-09
-8.59661e-10
-7.67442e-10
-7.15045e-10
-6.81674e-10
-6.58917e-10
-6.42606e-10
-6.30462e-10
-6.21147e-10
-6.13832e-10
-6.07982e-10
-6.03236e-10
-5.99345e-10
-5.96132e-10
-5.93469e-10
 -5.9126e-10
-5.89432e-10
-5.87932e-10
-5.86718e-10
-5.85757e-10
-5.85024e-10
-5.84501e-10
-5.84174e-10
-5.84032e-10
-5.84071e-10
-5.84285e-10
-5.84676e-10
-5.85247e-10
-5.86002e-10
-5.86951e-10
-5.88106e-10
-5.89482e-10
-5.91098e-10
 -5.9298e-10
-5.95157e-10
-5.97666e-10
-6.00552e-10
-6.03869e-10
-6.07684e-10
 -6.1208e-10
-6.17161e-10
-6.23053e-10
-6.29917e-10
-6.37957e-10
-6.47433e-10
-6.58679e-10
-6.72131e-10
-6.88362e-10
-7.08127e-10
-7.32437e-10
-7.62641e-10
 -8.0054e-10
-8.48512e-10
-9.09589e-10
-9.87369e-10
-1.08542e-09
-1.20563e-09
-1.34516e-09
-1.49317e-09
-1.63172e-09
-1.74402e-09
-1.82358e-09
-1.87462e-09
-1.90584e-09
-1.92513e-09
  -1.938e-09
-1.94781e-09
-1.95657e-09
-1.96553e-09
-1.97557e-09
-1.98749e-09
-2.00221e-09
-2.02106e-09
-2.04628e-09
-2.08233e-09
-2.13964e-09
-2.24963e-09
-2.48143e-09
-4.56597e-09
-2.10821e-09
 -9.8423e-10
-8.12908e-10
-7.21105e-10
-6.68278e-10
-6.34268e-10
-6.10877e-10
-5.94009e-10
-5.81401e-10
-5.71709e-10
-5.64094e-10
-5.58004e-10
-5.53068e-10
-5.49027e-10
-5.45696e-10
 -5.4294e-10
-5.40659e-10
-5.38778e-10
-5.37239e-10
-5.35998e-10
-5.35021e-10
-5.34283e-10
-5.33763e-10
-5.33448e-10
-5.33327e-10
-5.33393e-10
-5.33645e-10
-5.34081e-10
-5.34706e-10
-5.35524e-10
-5.36547e-10
-5.37787e-10
-5.39261e-10
-5.40989e-10
-5.42998e-10
-5.45321e-10
-5.47996e-10
-5.51071e-10
-5.54604e-10
-5.58668e-10
-5.63351e-10
-5.68762e-10
-5.75036e-10
-5.82344e-10
-5.90901e-10
-6.00982e-10
-6.12939e-10
-6.27228e-10
-6.44449e-10
-6.65389e-10
-6.91094e-10
-7.22959e-10
-7.62835e-10
-8.13153e-10
-8.76999e-10
-9.58012e-10
-1.05977e-09
 -1.1841e-09
  -1.328e-09
-1.48031e-09
-1.62268e-09
  -1.738e-09
-1.81968e-09
-1.87208e-09
-1.90411e-09
-1.92388e-09
-1.93702e-09
-1.94698e-09
-1.95583e-09
-1.96484e-09
-1.97491e-09
-1.98684e-09
-2.00157e-09
-2.02043e-09
-2.04566e-09
 -2.0817e-09
-2.13897e-09
-2.24891e-09
-2.48057e-09
-4.56413e-09
-2.03595e-09
-9.43499e-10
-7.74775e-10
 -6.8359e-10
-6.30563e-10
-5.96101e-10
-5.72212e-10
-5.54878e-10
-5.41863e-10
 -5.3183e-10
-5.23931e-10
-5.17611e-10
-5.12487e-10
-5.08295e-10
-5.04842e-10
-5.01989e-10
-4.99631e-10
 -4.9769e-10
-4.96106e-10
-4.94832e-10
-4.93834e-10
-4.93084e-10
-4.92562e-10
-4.92252e-10
-4.92145e-10
-4.92234e-10
-4.92515e-10
-4.92989e-10
 -4.9366e-10
-4.94534e-10
-4.95622e-10
-4.96937e-10
-4.98497e-10
-5.00325e-10
-5.02449e-10
-5.04902e-10
-5.07726e-10
-5.10972e-10
-5.14701e-10
-5.18989e-10
 -5.2393e-10
-5.29637e-10
-5.36254e-10
-5.43959e-10
-5.52977e-10
-5.63595e-10
-5.76179e-10
-5.91204e-10
-6.09288e-10
-6.31244e-10
-6.58146e-10
-6.91421e-10
-7.32956e-10
 -7.8522e-10
-8.51335e-10
-9.34967e-10
-1.03969e-09
-1.16731e-09
-1.31466e-09
-1.47035e-09
-1.61572e-09
-1.73339e-09
-1.81672e-09
-1.87018e-09
-1.90285e-09
-1.92299e-09
-1.93633e-09
-1.94641e-09
-1.95533e-09
-1.96438e-09
-1.97447e-09
-1.98641e-09
-2.00115e-09
-2.02001e-09
-2.04523e-09
-2.08126e-09
 -2.1385e-09
-2.24837e-09
 -2.4799e-09
-4.56261e-09
-1.97471e-09
-9.09636e-10
-7.43408e-10
-6.52947e-10
-5.99882e-10
-5.65118e-10
-5.40848e-10
-5.23134e-10
-5.09773e-10
-4.99437e-10
-4.91282e-10
-4.84746e-10
-4.79444e-10
-4.75104e-10
-4.71531e-10
-4.68581e-10
-4.66144e-10
-4.64141e-10
-4.62508e-10
-4.61198e-10
-4.60175e-10
-4.59409e-10
 -4.5888e-10
-4.58571e-10
-4.58473e-10
-4.58578e-10
-4.58883e-10
-4.59389e-10
  -4.601e-10
-4.61023e-10
-4.62168e-10
 -4.6355e-10
-4.65188e-10
-4.67106e-10
-4.69332e-10
-4.71903e-10
-4.74861e-10
-4.78261e-10
-4.82166e-10
-4.86656e-10
-4.91828e-10
-4.97802e-10
-5.04725e-10
-5.12785e-10
-5.22213e-10
-5.33306e-10
-5.46443e-10
-5.62111e-10
-5.80945e-10
-6.03777e-10
-6.31702e-10
-6.66171e-10
-7.09097e-10
-7.62976e-10
-8.30956e-10
-9.16721e-10
-1.02385e-09
-1.15409e-09
-1.30421e-09
-1.46259e-09
-1.61034e-09
-1.72988e-09
-1.81452e-09
-1.86881e-09
-1.90198e-09
-1.92241e-09
-1.93592e-09
-1.94609e-09
-1.95506e-09
-1.96413e-09
-1.97424e-09
-1.98619e-09
-2.00093e-09
-2.01978e-09
  -2.045e-09
-2.08101e-09
-2.13822e-09
-2.24802e-09
-2.47942e-09
-4.56141e-09
-1.92267e-09
-8.81321e-10
-7.17424e-10
-6.27729e-10
-5.74735e-10
-5.39781e-10
-5.15227e-10
-4.97208e-10
-4.83557e-10
-4.72961e-10
-4.64577e-10
-4.57846e-10
-4.52379e-10
-4.47901e-10
-4.44212e-10
-4.41166e-10
-4.38652e-10
-4.36586e-10
-4.34904e-10
-4.33557e-10
-4.32505e-10
-4.31721e-10
-4.31181e-10
-4.30871e-10
-4.30778e-10
-4.30895e-10
 -4.3122e-10
-4.31754e-10
-4.32499e-10
-4.33464e-10
-4.34659e-10
-4.36101e-10
-4.37809e-10
-4.39807e-10
-4.42126e-10
-4.44802e-10
-4.47882e-10
 -4.5142e-10
-4.55484e-10
-4.60156e-10
-4.65535e-10
-4.71747e-10
-4.78944e-10
-4.87318e-10
-4.97109e-10
-5.08621e-10
-5.22242e-10
-5.38471e-10
-5.57956e-10
 -5.8154e-10
-6.10338e-10
-6.45817e-10
 -6.8991e-10
-7.45132e-10
 -8.1465e-10
 -9.0216e-10
-1.01124e-09
-1.14362e-09
-1.29597e-09
-1.45653e-09
 -1.6062e-09
-1.72725e-09
-1.81294e-09
 -1.8679e-09
-1.90147e-09
-1.92213e-09
-1.93576e-09
  -1.946e-09
-1.95501e-09
 -1.9641e-09
-1.97422e-09
-1.98617e-09
-2.00091e-09
-2.01976e-09
-2.04496e-09
-2.08094e-09
-2.13812e-09
-2.24785e-09
-2.47913e-09
-4.56052e-09
-1.87838e-09
-8.57554e-10
-6.95792e-10
 -6.0686e-10
-5.54005e-10
-5.18944e-10
-4.94181e-10
-4.75923e-10
-4.62033e-10
-4.51214e-10
-4.42632e-10
-4.35727e-10
-4.30109e-10
-4.25503e-10
-4.21707e-10
-4.18571e-10
-4.15982e-10
-4.13855e-10
-4.12124e-10
-4.10738e-10
-4.09658e-10
-4.08854e-10
-4.08302e-10
-4.07987e-10
-4.07896e-10
-4.08023e-10
-4.08365e-10
-4.08921e-10
-4.09696e-10
-4.10698e-10
-4.11939e-10
-4.13434e-10
-4.15204e-10
-4.17274e-10
-4.19676e-10
-4.22447e-10
-4.25636e-10
-4.29299e-10
-4.33505e-10
-4.38339e-10
-4.43904e-10
-4.50328e-10
-4.57768e-10
-4.66421e-10
-4.76532e-10
-4.88411e-10
-5.02455e-10
-5.19171e-10
-5.39216e-10
-5.63446e-10
-5.92987e-10
-6.29319e-10
-6.74391e-10
-7.30732e-10
-8.01524e-10
-8.90474e-10
-1.00116e-09
-1.13529e-09
-1.28946e-09
 -1.4518e-09
-1.60305e-09
-1.72533e-09
-1.81188e-09
-1.86738e-09
-1.90128e-09
-1.92212e-09
-1.93585e-09
-1.94615e-09
-1.95518e-09
-1.96429e-09
-1.97441e-09
-1.98636e-09
-2.00109e-09
-2.01993e-09
-2.04511e-09
-2.08107e-09
 -2.1382e-09
-2.24787e-09
-2.47903e-09
-4.55994e-09
-1.84073e-09
 -8.3758e-10
-6.77741e-10
-5.89536e-10
 -5.3686e-10
-5.01749e-10
-4.76837e-10
-4.58392e-10
-4.44307e-10
-4.33302e-10
-4.24548e-10
 -4.1749e-10
-4.11739e-10
-4.07017e-10
-4.03122e-10
-3.99902e-10
-3.97243e-10
-3.95058e-10
-3.93279e-10
-3.91855e-10
-3.90747e-10
-3.89921e-10
-3.89357e-10
-3.89035e-10
-3.88945e-10
-3.89079e-10
-3.89433e-10
-3.90009e-10
 -3.9081e-10
-3.91845e-10
-3.93126e-10
-3.94669e-10
-3.96494e-10
-3.98629e-10
-4.01105e-10
-4.03962e-10
-4.07248e-10
-4.11022e-10
-4.15355e-10
-4.20334e-10
-4.26064e-10
-4.32676e-10
-4.40331e-10
-4.49229e-10
 -4.5962e-10
-4.71821e-10
-4.86232e-10
-5.03368e-10
-5.23895e-10
-5.48677e-10
-5.78848e-10
-6.15901e-10
-6.61795e-10
-7.19071e-10
-7.90922e-10
-8.81065e-10
-9.93078e-10
-1.12865e-09
-1.28434e-09
-1.44816e-09
-1.60071e-09
-1.72401e-09
-1.81127e-09
-1.86723e-09
-1.90139e-09
-1.92238e-09
 -1.9362e-09
-1.94654e-09
-1.95559e-09
 -1.9647e-09
-1.97482e-09
-1.98677e-09
-2.00149e-09
-2.02031e-09
-2.04547e-09
 -2.0814e-09
-2.13848e-09
-2.24808e-09
-2.47913e-09
-4.55969e-09
-1.80883e-09
-8.20822e-10
-6.62689e-10
-5.75158e-10
-5.22675e-10
-4.87553e-10
-4.62538e-10
-4.43947e-10
-4.29706e-10
-4.18545e-10
-4.09645e-10
-4.02454e-10
-3.96585e-10
 -3.9176e-10
-3.87775e-10
-3.84478e-10
-3.81754e-10
-3.79514e-10
-3.77691e-10
-3.76231e-10
-3.75095e-10
-3.74249e-10
 -3.7367e-10
-3.73342e-10
 -3.7325e-10
-3.73389e-10
-3.73754e-10
-3.74347e-10
-3.75171e-10
-3.76235e-10
-3.77551e-10
-3.79135e-10
-3.81011e-10
-3.83203e-10
-3.85745e-10
-3.88679e-10
-3.92052e-10
-3.95925e-10
-4.00371e-10
-4.05477e-10
-4.11353e-10
-4.18131e-10
-4.25974e-10
-4.35086e-10
-4.45722e-10
  -4.582e-10
-4.72928e-10
-4.90426e-10
-5.11363e-10
-5.36614e-10
-5.67319e-10
 -6.0498e-10
-6.51563e-10
-7.09622e-10
-7.82358e-10
-8.73495e-10
-9.86617e-10
 -1.1234e-09
-1.28035e-09
-1.44541e-09
-1.59906e-09
-1.72323e-09
-1.81108e-09
-1.86742e-09
 -1.9018e-09
-1.92291e-09
 -1.9368e-09
-1.94717e-09
-1.95624e-09
-1.96535e-09
-1.97546e-09
 -1.9874e-09
 -2.0021e-09
 -2.0209e-09
-2.04604e-09
-2.08193e-09
-2.13897e-09
-2.24849e-09
-2.47944e-09
-4.55977e-09
-1.78201e-09
-8.06842e-10
-6.50196e-10
-5.63272e-10
-5.10983e-10
-4.75875e-10
-4.50788e-10
-4.32086e-10
-4.17718e-10
-4.06428e-10
-3.97406e-10
-3.90101e-10
-3.84129e-10
-3.79212e-10
-3.75147e-10
-3.71781e-10
-3.68998e-10
-3.66708e-10
-3.64843e-10
 -3.6335e-10
-3.62186e-10
 -3.6132e-10
-3.60728e-10
-3.60392e-10
-3.60298e-10
 -3.6044e-10
-3.60814e-10
-3.61421e-10
-3.62265e-10
-3.63354e-10
-3.64701e-10
-3.66323e-10
-3.68243e-10
-3.70486e-10
-3.73088e-10
-3.76089e-10
-3.79539e-10
  -3.835e-10
-3.88045e-10
-3.93264e-10
-3.99267e-10
-4.06189e-10
-4.14196e-10
-4.23494e-10
 -4.3434e-10
-4.47057e-10
-4.62056e-10
-4.79861e-10
-5.01148e-10
-5.26794e-10
-5.57949e-10
 -5.9612e-10
-6.43281e-10
-7.01995e-10
-7.75471e-10
-8.67442e-10
-9.81495e-10
 -1.1193e-09
-1.27732e-09
-1.44344e-09
-1.59802e-09
-1.72292e-09
-1.81128e-09
-1.86794e-09
-1.90251e-09
-1.92373e-09
-1.93766e-09
-1.94806e-09
-1.95714e-09
-1.96625e-09
-1.97635e-09
-1.98828e-09
-2.00296e-09
-2.02173e-09
-2.04684e-09
-2.08269e-09
-2.13967e-09
-2.24912e-09
-2.47997e-09
-4.56021e-09
-1.75974e-09
-7.95309e-10
-6.39933e-10
-5.53541e-10
-5.01433e-10
-4.66352e-10
-4.41216e-10
-4.22429e-10
 -4.0796e-10
-3.96565e-10
 -3.8744e-10
-3.80038e-10
-3.73978e-10
-3.68981e-10
-3.64845e-10
-3.61417e-10
 -3.5858e-10
-3.56245e-10
-3.54342e-10
-3.52817e-10
-3.51628e-10
-3.50743e-10
-3.50138e-10
-3.49793e-10
-3.49697e-10
-3.49842e-10
-3.50223e-10
-3.50842e-10
-3.51702e-10
-3.52814e-10
-3.54189e-10
-3.55844e-10
-3.57802e-10
-3.60091e-10
-3.62745e-10
-3.65805e-10
-3.69323e-10
-3.73361e-10
-3.77993e-10
 -3.8331e-10
-3.89424e-10
-3.96471e-10
-4.04618e-10
-4.14075e-10
  -4.251e-10
-4.38019e-10
-4.53247e-10
-4.71311e-10
-4.92891e-10
-5.18869e-10
-5.50399e-10
-5.88995e-10
-6.36639e-10
  -6.959e-10
-7.69996e-10
-8.62669e-10
-9.77509e-10
-1.11618e-09
-1.27512e-09
-1.44214e-09
-1.59753e-09
-1.72306e-09
-1.81187e-09
 -1.8688e-09
-1.90353e-09
-1.92484e-09
-1.93882e-09
-1.94924e-09
-1.95832e-09
-1.96743e-09
-1.97752e-09
-1.98942e-09
-2.00408e-09
-2.02282e-09
-2.04789e-09
 -2.0837e-09
-2.14062e-09
-2.24999e-09
-2.48074e-09
-4.56105e-09
-1.74163e-09
-7.85973e-10
-6.31655e-10
-5.45713e-10
-4.93766e-10
-4.58717e-10
-4.33549e-10
-4.14696e-10
-4.00146e-10
-3.88665e-10
-3.79454e-10
-3.71971e-10
-3.65835e-10
-3.60769e-10
-3.56572e-10
-3.53089e-10
-3.50204e-10
-3.47828e-10
 -3.4589e-10
-3.44337e-10
-3.43125e-10
-3.42222e-10
-3.41604e-10
-3.41252e-10
-3.41152e-10
-3.41298e-10
-3.41685e-10
-3.42314e-10
 -3.4319e-10
-3.44321e-10
 -3.4572e-10
-3.47404e-10
-3.49397e-10
-3.51725e-10
-3.54425e-10
-3.57538e-10
-3.61115e-10
-3.65219e-10
-3.69926e-10
-3.75328e-10
-3.81536e-10
-3.88689e-10
-3.96956e-10
-4.06546e-10
-4.17721e-10
 -4.3081e-10
-4.46228e-10
-4.64506e-10
-4.86328e-10
 -5.1258e-10
 -5.4442e-10
-5.83367e-10
-6.31411e-10
-6.91126e-10
-7.65742e-10
-8.59006e-10
-9.74515e-10
-1.11393e-09
-1.27366e-09
-1.44147e-09
-1.59756e-09
-1.72366e-09
-1.81285e-09
-1.87003e-09
 -1.9049e-09
-1.92628e-09
 -1.9403e-09
-1.95074e-09
-1.95982e-09
-1.96891e-09
-1.97899e-09
-1.99086e-09
-2.00549e-09
 -2.0242e-09
-2.04922e-09
-2.08498e-09
-2.14184e-09
-2.25113e-09
-2.48179e-09
-4.56232e-09
-1.72737e-09
-7.78657e-10
-6.25185e-10
-5.39607e-10
-4.87795e-10
-4.52777e-10
-4.27585e-10
-4.08682e-10
-3.94068e-10
-3.82517e-10
-3.73236e-10
-3.65685e-10
-3.59485e-10
 -3.5436e-10
-3.50109e-10
-3.46579e-10
-3.43652e-10
-3.41239e-10
 -3.3927e-10
-3.37691e-10
-3.36458e-10
-3.35539e-10
-3.34909e-10
-3.34549e-10
-3.34446e-10
-3.34592e-10
-3.34984e-10
-3.35622e-10
-3.36511e-10
-3.37658e-10
-3.39079e-10
-3.40789e-10
-3.42812e-10
-3.45175e-10
-3.47915e-10
-3.51072e-10
-3.54701e-10
-3.58862e-10
-3.63633e-10
-3.69107e-10
-3.75395e-10
-3.82637e-10
-3.91003e-10
-4.00703e-10
-4.12002e-10
-4.25228e-10
-4.40801e-10
-4.59252e-10
-4.81269e-10
-5.07742e-10
-5.39833e-10
-5.79065e-10
-6.27435e-10
-6.87525e-10
-7.62572e-10
-8.56333e-10
-9.72413e-10
-1.11247e-09
 -1.2729e-09
 -1.4414e-09
-1.59812e-09
 -1.7247e-09
-1.81424e-09
-1.87164e-09
-1.90664e-09
-1.92809e-09
-1.94215e-09
-1.95259e-09
-1.96166e-09
-1.97075e-09
 -1.9808e-09
-1.99265e-09
-2.00724e-09
-2.02591e-09
-2.05088e-09
-2.08657e-09
-2.14336e-09
-2.25257e-09
-2.48314e-09
-4.56408e-09
-1.71678e-09
-7.73242e-10
-6.20406e-10
-5.35104e-10
-4.83395e-10
-4.48401e-10
-4.23192e-10
 -4.0425e-10
-3.89584e-10
-3.77978e-10
 -3.6864e-10
-3.61032e-10
-3.54778e-10
-3.49604e-10
-3.45307e-10
-3.41735e-10
-3.38772e-10
-3.36327e-10
 -3.3433e-10
-3.32727e-10
-3.31475e-10
-3.30541e-10
-3.29899e-10
-3.29532e-10
-3.29426e-10
-3.29572e-10
-3.29968e-10
-3.30614e-10
-3.31514e-10
-3.32676e-10
-3.34115e-10
-3.35848e-10
-3.37897e-10
-3.40291e-10
-3.43065e-10
-3.46262e-10
-3.49934e-10
-3.54144e-10
-3.58969e-10
-3.64502e-10
-3.70857e-10
-3.78172e-10
-3.86618e-10
-3.96407e-10
-4.07804e-10
-4.21139e-10
-4.36832e-10
-4.55419e-10
-4.77588e-10
-5.04232e-10
-5.36518e-10
-5.75975e-10
-6.24604e-10
-6.84997e-10
-7.60399e-10
-8.54577e-10
-9.71143e-10
-1.11175e-09
-1.27279e-09
-1.44192e-09
 -1.5992e-09
-1.72623e-09
-1.81609e-09
-1.87368e-09
 -1.9088e-09
-1.93032e-09
 -1.9444e-09
-1.95485e-09
-1.96392e-09
-1.97299e-09
-1.98302e-09
-1.99483e-09
-2.00938e-09
  -2.028e-09
-2.05291e-09
-2.08853e-09
-2.14523e-09
-2.25435e-09
-2.48484e-09
-4.56641e-09
-1.70977e-09
-7.69664e-10
-6.17252e-10
-5.32135e-10
-4.80494e-10
-4.45514e-10
 -4.2029e-10
-4.01317e-10
-3.86611e-10
 -3.7496e-10
-3.65576e-10
-3.57923e-10
-3.51624e-10
-3.46408e-10
-3.42072e-10
-3.38465e-10
-3.35469e-10
-3.32996e-10
-3.30974e-10
 -3.2935e-10
-3.28081e-10
-3.27133e-10
-3.26481e-10
-3.26107e-10
-3.25998e-10
-3.26145e-10
-3.26544e-10
-3.27196e-10
-3.28106e-10
-3.29282e-10
-3.30737e-10
-3.32489e-10
-3.34562e-10
-3.36982e-10
-3.39786e-10
-3.43017e-10
-3.46726e-10
-3.50977e-10
-3.55847e-10
-3.61429e-10
-3.67837e-10
 -3.7521e-10
-3.83719e-10
-3.93577e-10
-4.05048e-10
-4.18464e-10
-4.34247e-10
-4.52933e-10
-4.75212e-10
-5.01982e-10
-5.34412e-10
-5.74036e-10
-6.22863e-10
-6.83492e-10
-7.59178e-10
-8.53701e-10
-9.70681e-10
-1.11178e-09
-1.27336e-09
-1.44304e-09
-1.60084e-09
-1.72829e-09
-1.81844e-09
-1.87623e-09
-1.91145e-09
-1.93303e-09
-1.94714e-09
 -1.9576e-09
-1.96666e-09
-1.97571e-09
-1.98571e-09
-1.99748e-09
-2.01199e-09
-2.03054e-09
-2.05538e-09
-2.09092e-09
-2.14753e-09
-2.25655e-09
-2.48696e-09
-4.56938e-09
-1.70633e-09
-7.67911e-10
-6.15711e-10
-5.30684e-10
-4.79073e-10
-4.44095e-10
-4.18856e-10
-3.99857e-10
 -3.8512e-10
-3.73434e-10
-3.64013e-10
-3.56323e-10
-3.49988e-10
-3.44737e-10
-3.40369e-10
-3.36731e-10
-3.33707e-10
-3.31209e-10
-3.29165e-10
-3.27522e-10
-3.26237e-10
-3.25277e-10
-3.24616e-10
-3.24235e-10
-3.24123e-10
-3.24269e-10
-3.24671e-10
-3.25329e-10
-3.26248e-10
-3.27436e-10
-3.28906e-10
-3.30676e-10
-3.32769e-10
-3.35213e-10
-3.38043e-10
-3.41302e-10
-3.45043e-10
-3.49329e-10
-3.54236e-10
-3.59858e-10
-3.66307e-10
-3.73725e-10
-3.82281e-10
-3.92188e-10
-4.03712e-10
-4.17184e-10
-4.33026e-10
-4.51776e-10
-4.74127e-10
-5.00978e-10
-5.33501e-10
-5.73237e-10
-6.22202e-10
-6.83003e-10
-7.58908e-10
-8.53708e-10
-9.71036e-10
-1.11256e-09
-1.27463e-09
-1.44483e-09
-1.60311e-09
-1.73095e-09
-1.82138e-09
-1.87935e-09
-1.91468e-09
-1.93632e-09
-1.95046e-09
-1.96093e-09
-1.96998e-09
  -1.979e-09
-1.98897e-09
 -2.0007e-09
-2.01514e-09
-2.03363e-09
-2.05839e-09
-2.09383e-09
-2.15033e-09
-2.25923e-09
-2.48956e-09
-4.57314e-09
-1.70655e-09
-7.68032e-10
-6.15822e-10
-5.30788e-10
-4.79168e-10
-4.44177e-10
-4.18921e-10
-3.99902e-10
-3.85141e-10
-3.73428e-10
-3.63978e-10
-3.56258e-10
-3.49894e-10
-3.44614e-10
-3.40217e-10
-3.36552e-10
-3.33504e-10
-3.30983e-10
 -3.2892e-10
 -3.2726e-10
-3.25961e-10
-3.24989e-10
-3.24319e-10
-3.23933e-10
-3.23817e-10
-3.23963e-10
-3.24368e-10
-3.25032e-10
-3.25959e-10
-3.27157e-10
-3.28641e-10
-3.30427e-10
-3.32539e-10
-3.35004e-10
-3.37857e-10
-3.41142e-10
 -3.4491e-10
-3.49225e-10
-3.54162e-10
-3.59815e-10
-3.66297e-10
-3.73747e-10
-3.82337e-10
-3.92277e-10
-4.03832e-10
-4.17336e-10
 -4.3321e-10
-4.51992e-10
-4.74375e-10
-5.01262e-10
 -5.3383e-10
-5.73623e-10
-6.22664e-10
-6.83573e-10
 -7.5963e-10
-8.54641e-10
-9.72255e-10
-1.11414e-09
-1.27666e-09
-1.44734e-09
-1.60608e-09
 -1.7343e-09
-1.82501e-09
-1.88315e-09
 -1.9186e-09
 -1.9403e-09
-1.95447e-09
-1.96495e-09
-1.97399e-09
-1.98299e-09
-1.99292e-09
 -2.0046e-09
-2.01897e-09
-2.03738e-09
-2.06204e-09
-2.09737e-09
-2.15374e-09
-2.26252e-09
-2.49277e-09
-4.57784e-09
-1.71064e-09
-7.70139e-10
-6.17691e-10
-5.32548e-10
-4.80879e-10
 -4.4586e-10
-4.20584e-10
-4.01547e-10
-3.86767e-10
-3.75034e-10
-3.65562e-10
-3.57818e-10
-3.51429e-10
-3.46124e-10
-3.41702e-10
-3.38014e-10
-3.34944e-10
-3.32403e-10
-3.30321e-10
-3.28645e-10
-3.27332e-10
-3.26349e-10
-3.25671e-10
-3.25279e-10
-3.25161e-10
-3.25307e-10
-3.25715e-10
-3.26384e-10
-3.27319e-10
-3.28528e-10
-3.30025e-10
-3.31827e-10
-3.33956e-10
 -3.3644e-10
-3.39316e-10
-3.42623e-10
-3.46416e-10
-3.50756e-10
-3.55718e-10
-3.61397e-10
-3.67904e-10
-3.75377e-10
-3.83987e-10
-3.93945e-10
-4.05515e-10
-4.19029e-10
-4.34907e-10
-4.53689e-10
-4.76068e-10
-5.02948e-10
-5.35509e-10
-5.75301e-10
-6.24355e-10
-6.85304e-10
-7.61442e-10
-8.56596e-10
-9.74432e-10
-1.11664e-09
-1.27955e-09
-1.45069e-09
-1.60987e-09
-1.73848e-09
-1.82946e-09
 -1.8878e-09
-1.92336e-09
-1.94513e-09
-1.95934e-09
-1.96983e-09
-1.97887e-09
-1.98785e-09
-1.99773e-09
-2.00935e-09
-2.02365e-09
-2.04196e-09
 -2.0665e-09
-2.10169e-09
-2.15791e-09
-2.26655e-09
-2.49672e-09
-4.58371e-09
-1.71895e-09
 -7.7443e-10
-6.21501e-10
-5.36145e-10
-4.84383e-10
-4.49321e-10
-4.24023e-10
 -4.0497e-10
-3.90176e-10
-3.78427e-10
-3.68937e-10
-3.61174e-10
-3.54763e-10
-3.49435e-10
-3.44991e-10
-3.41281e-10
-3.38189e-10
-3.35628e-10
-3.33528e-10
-3.31836e-10
 -3.3051e-10
-3.29516e-10
 -3.2883e-10
-3.28433e-10
-3.28312e-10
-3.28458e-10
-3.28869e-10
-3.29544e-10
-3.30487e-10
-3.31708e-10
-3.33218e-10
-3.35036e-10
-3.37183e-10
-3.39688e-10
-3.42584e-10
-3.45914e-10
 -3.4973e-10
-3.54093e-10
-3.59079e-10
-3.64779e-10
-3.71306e-10
-3.78795e-10
-3.87418e-10
-3.97382e-10
-4.08952e-10
-4.22456e-10
-4.38316e-10
-4.57067e-10
-4.79406e-10
-5.06234e-10
-5.38736e-10
-5.78466e-10
-6.27465e-10
-6.88377e-10
-7.64518e-10
-8.59737e-10
-9.77724e-10
-1.12019e-09
-1.28347e-09
-1.45504e-09
-1.61467e-09
-1.74366e-09
-1.83494e-09
-1.89348e-09
-1.92917e-09
-1.95103e-09
-1.96529e-09
 -1.9758e-09
-1.98483e-09
-1.99379e-09
-2.00362e-09
-2.01518e-09
-2.02939e-09
-2.04759e-09
-2.07199e-09
-2.10702e-09
-2.16305e-09
-2.27152e-09
-2.50162e-09
-4.59107e-09
-1.73203e-09
-7.81216e-10
-6.27546e-10
-5.41867e-10
-4.89973e-10
-4.54853e-10
-4.29529e-10
-4.10462e-10
-3.95656e-10
-3.83893e-10
-3.74387e-10
-3.66604e-10
-3.60172e-10
-3.54822e-10
-3.50354e-10
-3.46621e-10
-3.43507e-10
-3.40925e-10
-3.38807e-10
-3.37098e-10
-3.35757e-10
-3.34752e-10
-3.34057e-10
-3.33655e-10
-3.33531e-10
-3.33679e-10
-3.34093e-10
-3.34775e-10
-3.35728e-10
-3.36961e-10
-3.38486e-10
-3.40322e-10
-3.42489e-10
-3.45015e-10
-3.47935e-10
-3.51289e-10
 -3.5513e-10
-3.59518e-10
-3.64527e-10
-3.70249e-10
-3.76794e-10
-3.84297e-10
-3.92927e-10
 -4.0289e-10
-4.14449e-10
-4.27929e-10
 -4.4375e-10
-4.62446e-10
-4.84709e-10
-5.11443e-10
-5.43831e-10
-5.83434e-10
  -6.323e-10
-6.93089e-10
-7.69139e-10
-8.64327e-10
-9.82379e-10
-1.12503e-09
-1.28863e-09
-1.46062e-09
 -1.6207e-09
 -1.7501e-09
-1.84169e-09
-1.90046e-09
-1.93631e-09
-1.95827e-09
 -1.9726e-09
-1.98314e-09
-1.99219e-09
-2.00112e-09
-2.01092e-09
 -2.0224e-09
-2.03651e-09
-2.05458e-09
-2.07882e-09
-2.11365e-09
-2.16945e-09
-2.27771e-09
-2.50774e-09
-4.60036e-09
-1.75069e-09
-7.90975e-10
-6.36283e-10
-5.50168e-10
-4.98101e-10
 -4.6291e-10
-4.37556e-10
-4.18474e-10
-4.03655e-10
-3.91877e-10
-3.82352e-10
-3.74547e-10
 -3.6809e-10
-3.62713e-10
-3.58218e-10
-3.54457e-10
-3.51318e-10
-3.48711e-10
-3.46571e-10
-3.44843e-10
-3.43486e-10
-3.42468e-10
-3.41764e-10
-3.41355e-10
-3.41229e-10
-3.41378e-10
-3.41797e-10
-3.42487e-10
-3.43452e-10
  -3.447e-10
-3.46245e-10
-3.48101e-10
-3.50292e-10
-3.52844e-10
-3.55792e-10
-3.59177e-10
-3.63047e-10
-3.67465e-10
-3.72503e-10
-3.78251e-10
-3.84818e-10
-3.92338e-10
-4.00977e-10
-4.10939e-10
-4.22482e-10
-4.35931e-10
-4.51699e-10
-4.70319e-10
-4.92478e-10
-5.19076e-10
-5.51297e-10
-5.90702e-10
-6.39349e-10
-6.99912e-10
-7.75753e-10
-8.70789e-10
-9.88791e-10
-1.13154e-09
-1.29539e-09
-1.46778e-09
-1.62832e-09
-1.75814e-09
-1.85009e-09
-1.90912e-09
-1.94516e-09
-1.96726e-09
-1.98168e-09
-1.99229e-09
-2.00136e-09
 -2.0103e-09
-2.02006e-09
-2.03147e-09
-2.04547e-09
-2.06338e-09
-2.08742e-09
-2.12201e-09
-2.17754e-09
-2.28555e-09
-2.51549e-09
-4.61223e-09
-1.77617e-09
-8.04443e-10
-6.48423e-10
-5.61757e-10
-5.09479e-10
-4.74205e-10
-4.48815e-10
-4.29712e-10
-4.14873e-10
-4.03072e-10
-3.93519e-10
-3.85681e-10
-3.79189e-10
-3.73775e-10
-3.69243e-10
-3.65447e-10
-3.62273e-10
-3.59636e-10
-3.57468e-10
-3.55715e-10
-3.54338e-10
-3.53304e-10
-3.52588e-10
-3.52173e-10
-3.52044e-10
-3.52195e-10
-3.52621e-10
-3.53322e-10
-3.54303e-10
-3.55571e-10
-3.57139e-10
-3.59023e-10
-3.61245e-10
-3.63832e-10
-3.66817e-10
-3.70241e-10
-3.74152e-10
-3.78611e-10
-3.83689e-10
-3.89476e-10
-3.96077e-10
-4.03626e-10
-4.12284e-10
-4.22254e-10
-4.33789e-10
-4.47209e-10
-4.62924e-10
-4.81457e-10
-5.03492e-10
-5.29923e-10
-5.61927e-10
-6.01064e-10
-6.49396e-10
-7.09609e-10
-7.85096e-10
-8.79817e-10
-9.97603e-10
 -1.1403e-09
-1.30431e-09
-1.47704e-09
-1.63803e-09
-1.76832e-09
-1.86067e-09
-1.92001e-09
-1.95629e-09
-1.97858e-09
-1.99314e-09
-2.00385e-09
  -2.013e-09
-2.02196e-09
 -2.0317e-09
-2.04305e-09
-2.05693e-09
-2.07467e-09
-2.09848e-09
-2.13277e-09
-2.18796e-09
-2.29565e-09
 -2.5255e-09
-4.62773e-09
-1.81036e-09
-8.22789e-10
-6.65109e-10
-5.77778e-10
-5.25257e-10
-4.89885e-10
-4.64447e-10
-4.45306e-10
-4.30429e-10
-4.18582e-10
-4.08978e-10
-4.01087e-10
-3.94538e-10
-3.89068e-10
-3.84482e-10
-3.80634e-10
-3.77413e-10
-3.74732e-10
-3.72525e-10
 -3.7074e-10
-3.69336e-10
 -3.6828e-10
-3.67549e-10
-3.67125e-10
-3.66993e-10
-3.67147e-10
-3.67583e-10
-3.68299e-10
-3.69301e-10
-3.70597e-10
-3.72198e-10
 -3.7412e-10
-3.76386e-10
-3.79021e-10
-3.82059e-10
-3.85539e-10
 -3.8951e-10
 -3.9403e-10
 -3.9917e-10
-4.05018e-10
-4.11678e-10
 -4.1928e-10
-4.27984e-10
-4.37987e-10
-4.49538e-10
-4.62952e-10
 -4.7863e-10
-4.97089e-10
-5.19001e-10
 -5.4525e-10
-5.77002e-10
 -6.1581e-10
-6.63729e-10
-7.23456e-10
-7.98406e-10
 -8.9259e-10
-1.00992e-09
-1.15233e-09
-1.31631e-09
-1.48928e-09
-1.65069e-09
-1.78145e-09
-1.87424e-09
-1.93396e-09
-1.97057e-09
-1.99313e-09
-2.00792e-09
-2.01881e-09
-2.02809e-09
-2.03713e-09
 -2.0469e-09
-2.05821e-09
-2.07199e-09
-2.08954e-09
-2.11308e-09
-2.14701e-09
-2.20176e-09
-2.30906e-09
-2.53882e-09
-4.64854e-09
-1.85632e-09
-8.47967e-10
-6.88281e-10
 -6.0018e-10
-5.47385e-10
 -5.1189e-10
 -4.8637e-10
-4.67151e-10
-4.52188e-10
-4.40251e-10
-4.30552e-10
-4.22564e-10
-4.15921e-10
-4.10359e-10
-4.05687e-10
-4.01759e-10
-3.98465e-10
-3.95719e-10
-3.93456e-10
-3.91623e-10
 -3.9018e-10
-3.89094e-10
-3.88342e-10
-3.87904e-10
 -3.8777e-10
-3.87929e-10
-3.88378e-10
-3.89117e-10
 -3.9015e-10
-3.91485e-10
-3.93133e-10
-3.95112e-10
-3.97441e-10
-4.00148e-10
-4.03264e-10
-4.06829e-10
-4.10891e-10
-4.15507e-10
-4.20748e-10
-4.26699e-10
-4.33462e-10
-4.41165e-10
-4.49964e-10
-4.60053e-10
-4.71675e-10
-4.85138e-10
-5.00833e-10
-5.19265e-10
-5.41095e-10
-5.67188e-10
-5.98693e-10
-6.37141e-10
-6.84572e-10
-7.43675e-10
-8.17879e-10
-9.11239e-10
-1.02776e-09
-1.16952e-09
-1.33313e-09
-1.50607e-09
-1.66775e-09
-1.79895e-09
-1.89223e-09
-1.95244e-09
-1.98951e-09
-2.01249e-09
-2.02766e-09
-2.03887e-09
 -2.0484e-09
-2.05763e-09
 -2.0675e-09
-2.07884e-09
-2.09254e-09
-2.10992e-09
-2.13316e-09
-2.16666e-09
-2.22087e-09
-2.32765e-09
-2.55732e-09
 -4.6777e-09
-1.91933e-09
-8.83518e-10
-7.21501e-10
 -6.3254e-10
-5.79422e-10
-5.43734e-10
-5.18043e-10
-4.98647e-10
-4.83502e-10
-4.71379e-10
-4.61496e-10
-4.53331e-10
 -4.4652e-10
-4.40803e-10
-4.35987e-10
 -4.3193e-10
 -4.2852e-10
-4.25673e-10
-4.23322e-10
-4.21416e-10
-4.19913e-10
-4.18781e-10
-4.17997e-10
-4.17541e-10
  -4.174e-10
-4.17567e-10
-4.18037e-10
 -4.1881e-10
 -4.1989e-10
-4.21285e-10
-4.23006e-10
 -4.2507e-10
-4.27497e-10
-4.30314e-10
-4.33552e-10
-4.37252e-10
 -4.4146e-10
-4.46234e-10
-4.51642e-10
-4.57769e-10
-4.64716e-10
-4.72608e-10
-4.81597e-10
-4.91874e-10
-5.03675e-10
  -5.173e-10
-5.33131e-10
-5.51659e-10
-5.73525e-10
-5.99573e-10
-6.30921e-10
-6.69068e-10
-7.16016e-10
-7.74419e-10
-8.47687e-10
-9.39899e-10
-1.05515e-09
-1.19567e-09
-1.35831e-09
-1.53072e-09
-1.69233e-09
-1.82382e-09
-1.91762e-09
-1.97848e-09
-2.01625e-09
-2.03993e-09
-2.05576e-09
-2.06755e-09
-2.07757e-09
-2.08717e-09
-2.09731e-09
 -2.1088e-09
-2.12254e-09
 -2.1398e-09
-2.16275e-09
-2.19576e-09
 -2.2493e-09
 -2.3554e-09
-2.58491e-09
-4.72131e-09
-2.00945e-09
-9.36617e-10
-7.72078e-10
-6.82154e-10
-6.28561e-10
-5.92468e-10
-5.66369e-10
-5.46564e-10
-5.31017e-10
 -5.1851e-10
-5.08266e-10
-4.99766e-10
-4.92648e-10
-4.86652e-10
-4.81586e-10
-4.77306e-10
  -4.737e-10
-4.70683e-10
-4.68187e-10
-4.66161e-10
-4.64561e-10
-4.63355e-10
-4.62519e-10
-4.62033e-10
-4.61884e-10
-4.62064e-10
-4.62567e-10
-4.63394e-10
-4.64549e-10
 -4.6604e-10
-4.67878e-10
 -4.7008e-10
-4.72667e-10
-4.75664e-10
-4.79106e-10
-4.83031e-10
-4.87486e-10
-4.92529e-10
-4.98229e-10
 -5.0467e-10
-5.11951e-10
-5.20197e-10
-5.29559e-10
-5.40222e-10
-5.52418e-10
-5.66441e-10
-5.82661e-10
-6.01556e-10
-6.23744e-10
-6.50041e-10
-6.81528e-10
 -7.1965e-10
-7.66344e-10
-8.24189e-10
-8.96521e-10
-9.87375e-10
-1.10087e-09
-1.23942e-09
-1.40018e-09
-1.57115e-09
-1.73202e-09
 -1.8635e-09
-1.95789e-09
-2.01975e-09
-2.05873e-09
-2.08368e-09
 -2.1007e-09
-2.11357e-09
-2.12449e-09
-2.13485e-09
-2.14559e-09
 -2.1575e-09
-2.17149e-09
-2.18882e-09
-2.21161e-09
-2.24418e-09
-2.29694e-09
 -2.4021e-09
-2.63114e-09
-4.79311e-09
-2.15001e-09
-1.02567e-09
-8.58721e-10
-7.67396e-10
-7.12676e-10
-6.75471e-10
-6.48296e-10
 -6.2748e-10
   -6.11e-10
-5.97645e-10
-5.86635e-10
-5.77448e-10
-5.69717e-10
-5.63177e-10
 -5.5763e-10
-5.52929e-10
-5.48957e-10
-5.45626e-10
-5.42864e-10
-5.40618e-10
-5.38842e-10
-5.37503e-10
-5.36573e-10
-5.36034e-10
-5.35869e-10
-5.36071e-10
-5.36634e-10
-5.37558e-10
-5.38847e-10
 -5.4051e-10
-5.42557e-10
-5.45008e-10
-5.47883e-10
 -5.5121e-10
-5.55022e-10
-5.59362e-10
-5.64277e-10
-5.69827e-10
-5.76083e-10
 -5.8313e-10
-5.91071e-10
 -6.0003e-10
 -6.1016e-10
-6.21647e-10
-6.34722e-10
-6.49676e-10
-6.66873e-10
-6.86779e-10
-7.09997e-10
-7.37313e-10
-7.69766e-10
-8.08737e-10
-8.56074e-10
-9.14231e-10
-9.86391e-10
-1.07642e-09
-1.18834e-09
 -1.3246e-09
-1.48271e-09
-1.65129e-09
-1.81072e-09
-1.94209e-09
-2.03763e-09
-2.10152e-09
-2.14296e-09
-2.17041e-09
-2.18978e-09
-2.20472e-09
-2.21745e-09
-2.22934e-09
-2.24136e-09
-2.25431e-09
-2.26912e-09
-2.28703e-09
-2.31013e-09
-2.34268e-09
-2.39492e-09
-2.49897e-09
-2.72629e-09
-4.93129e-09
-2.38857e-09
-1.18795e-09
-1.01972e-09
-9.25653e-10
 -8.6791e-10
-8.27785e-10
-7.97948e-10
-7.74759e-10
-7.56185e-10
-7.40984e-10
-7.28352e-10
-7.17739e-10
-7.08757e-10
-7.01121e-10
-6.94618e-10
-6.89085e-10
-6.84397e-10
-6.80454e-10
-6.77179e-10
 -6.7451e-10
-6.72397e-10
-6.70801e-10
-6.69694e-10
-6.69051e-10
-6.68856e-10
-6.69099e-10
-6.69775e-10
-6.70883e-10
-6.72426e-10
-6.74414e-10
-6.76862e-10
-6.79786e-10
-6.83213e-10
-6.87172e-10
-6.91701e-10
-6.96844e-10
-7.02656e-10
-7.09201e-10
-7.16557e-10
-7.24815e-10
-7.34086e-10
-7.44502e-10
-7.56225e-10
-7.69452e-10
-7.84422e-10
-8.01434e-10
-8.20861e-10
-8.43173e-10
-8.68971e-10
-8.99029e-10
-9.34357e-10
 -9.7628e-10
-1.02655e-09
-1.08745e-09
-1.16194e-09
-1.25356e-09
-1.36596e-09
-1.50136e-09
-1.65746e-09
-1.82376e-09
-1.98197e-09
-2.11424e-09
-2.21291e-09
 -2.2814e-09
  -2.328e-09
-2.36051e-09
-2.38449e-09
-2.40351e-09
-2.41978e-09
-2.43473e-09
-2.44939e-09
-2.46467e-09
-2.48152e-09
-2.50122e-09
 -2.5259e-09
-2.55975e-09
-2.61272e-09
-2.71582e-09
-2.93707e-09
 -5.2208e-09
-3.66271e-09
-2.37168e-09
-2.12299e-09
-1.97309e-09
-1.87385e-09
-1.80163e-09
-1.74614e-09
-1.70198e-09
-1.66595e-09
-1.63604e-09
-1.61089e-09
-1.58956e-09
-1.57137e-09
-1.55579e-09
-1.54245e-09
-1.53105e-09
-1.52135e-09
-1.51316e-09
-1.50634e-09
-1.50077e-09
-1.49635e-09
-1.49301e-09
-1.49069e-09
-1.48934e-09
-1.48894e-09
-1.48945e-09
-1.49088e-09
-1.49322e-09
-1.49647e-09
-1.50065e-09
 -1.5058e-09
-1.51193e-09
-1.51911e-09
-1.52739e-09
-1.53683e-09
-1.54753e-09
-1.55957e-09
-1.57309e-09
-1.58823e-09
-1.60514e-09
-1.62403e-09
-1.64514e-09
-1.66874e-09
-1.69518e-09
-1.72486e-09
-1.75828e-09
-1.79605e-09
-1.83892e-09
-1.88782e-09
-1.94391e-09
-2.00865e-09
-2.08388e-09
-2.17194e-09
 -2.2757e-09
-2.39863e-09
-2.54456e-09
  -2.717e-09
-2.91727e-09
-3.14133e-09
-3.37641e-09
-3.60187e-09
-3.79752e-09
 -3.9535e-09
-4.07178e-09
-4.16041e-09
-4.22796e-09
-4.28127e-09
 -4.3252e-09
-4.36309e-09
-4.39734e-09
 -4.4298e-09
-4.46209e-09
-4.49596e-09
-4.53365e-09
 -4.5787e-09
-4.63768e-09
-4.72492e-09
-4.87944e-09
 -5.1876e-09
-7.50407e-09
 8.77691e-09
 5.99757e-09
 5.60183e-09
 5.39997e-09
 5.28734e-09
 5.21549e-09
 5.16577e-09
 5.12937e-09
 5.10164e-09
 5.07987e-09
 5.06236e-09
   5.048e-09
 5.03602e-09
  5.0259e-09
 5.01722e-09
 5.00971e-09
 5.00313e-09
 4.99731e-09
 4.99211e-09
 4.98741e-09
 4.98314e-09
 4.97922e-09
 4.97559e-09
 4.97219e-09
 4.96899e-09
 4.96595e-09
 4.96304e-09
 4.96023e-09
  4.9575e-09
 4.95484e-09
 4.95222e-09
 4.94963e-09
 4.94706e-09
 4.94449e-09
 4.94191e-09
 4.93932e-09
 4.93671e-09
 4.93407e-09
  4.9314e-09
 4.92868e-09
 4.92593e-09
 4.92313e-09
 4.92029e-09
  4.9174e-09
 4.91447e-09
  4.9115e-09
  4.9085e-09
 4.90547e-09
 4.90243e-09
 4.89939e-09
 4.89636e-09
 4.89337e-09
 4.89043e-09
 4.88759e-09
 4.88486e-09
  4.8823e-09
 4.87993e-09
 4.87782e-09
 4.87602e-09
  4.8746e-09
 4.87362e-09
 4.87317e-09
 4.87334e-09
 4.87424e-09
 4.87602e-09
 4.87882e-09
 4.88285e-09
 4.88836e-09
  4.8957e-09
 4.90532e-09
 4.91788e-09
 4.93432e-09
 4.95607e-09
 4.98548e-09
 5.02661e-09
 5.08723e-09
 5.18419e-09
 5.36205e-09
 5.71807e-09
 8.31227e-09
 6.05708e-09
 3.33508e-09
 3.05113e-09
  2.9159e-09
 2.84645e-09
 2.80404e-09
 2.77547e-09
 2.75493e-09
  2.7395e-09
 2.72752e-09
 2.71798e-09
 2.71023e-09
 2.70381e-09
 2.69842e-09
 2.69384e-09
 2.68989e-09
 2.68645e-09
 2.68342e-09
 2.68073e-09
 2.67831e-09
 2.67612e-09
 2.67411e-09
 2.67226e-09
 2.67053e-09
 2.66891e-09
 2.66736e-09
 2.66589e-09
 2.66447e-09
 2.66309e-09
 2.66174e-09
 2.66041e-09
  2.6591e-09
 2.65779e-09
 2.65648e-09
 2.65516e-09
 2.65383e-09
 2.65248e-09
 2.65111e-09
 2.64971e-09
 2.64829e-09
 2.64683e-09
 2.64534e-09
 2.64382e-09
 2.64226e-09
 2.64066e-09
 2.63903e-09
 2.63736e-09
 2.63566e-09
 2.63394e-09
  2.6322e-09
 2.63045e-09
  2.6287e-09
 2.62696e-09
 2.62526e-09
  2.6236e-09
 2.62202e-09
 2.62055e-09
  2.6192e-09
 2.61803e-09
 2.61707e-09
 2.61637e-09
 2.61597e-09
 2.61594e-09
 2.61635e-09
 2.61726e-09
 2.61878e-09
 2.62103e-09
 2.62414e-09
 2.62833e-09
 2.63386e-09
 2.64111e-09
 2.65065e-09
 2.66333e-09
 2.68057e-09
  2.7049e-09
 2.74138e-09
 2.80183e-09
 2.92172e-09
 3.17766e-09
 5.71706e-09
 5.69897e-09
 3.07261e-09
 2.78112e-09
 2.64463e-09
 2.57591e-09
 2.53472e-09
 2.50738e-09
 2.48796e-09
 2.47351e-09
 2.46238e-09
 2.45359e-09
 2.44648e-09
 2.44064e-09
 2.43575e-09
 2.43162e-09
 2.42807e-09
 2.42499e-09
 2.42229e-09
  2.4199e-09
 2.41776e-09
 2.41582e-09
 2.41404e-09
 2.41241e-09
 2.41089e-09
 2.40946e-09
  2.4081e-09
  2.4068e-09
 2.40555e-09
 2.40433e-09
 2.40314e-09
 2.40196e-09
  2.4008e-09
 2.39963e-09
 2.39846e-09
 2.39727e-09
 2.39607e-09
 2.39485e-09
 2.39361e-09
 2.39233e-09
 2.39102e-09
 2.38967e-09
 2.38829e-09
 2.38686e-09
 2.38539e-09
 2.38387e-09
 2.38231e-09
  2.3807e-09
 2.37905e-09
 2.37735e-09
 2.37563e-09
 2.37387e-09
  2.3721e-09
 2.37032e-09
 2.36855e-09
 2.36682e-09
 2.36514e-09
 2.36354e-09
 2.36206e-09
 2.36074e-09
 2.35961e-09
 2.35874e-09
 2.35816e-09
 2.35794e-09
 2.35815e-09
 2.35886e-09
 2.36016e-09
 2.36217e-09
 2.36503e-09
 2.36893e-09
 2.37413e-09
 2.38101e-09
  2.3901e-09
 2.40226e-09
 2.41889e-09
 2.44251e-09
 2.47827e-09
 2.53832e-09
 2.65928e-09
 2.92139e-09
 5.36046e-09
 5.53425e-09
 2.95649e-09
 2.66222e-09
 2.52409e-09
 2.45456e-09
 2.41314e-09
 2.38584e-09
  2.3666e-09
 2.35238e-09
  2.3415e-09
 2.33296e-09
 2.32609e-09
 2.32047e-09
 2.31579e-09
 2.31184e-09
 2.30847e-09
 2.30555e-09
   2.303e-09
 2.30074e-09
 2.29872e-09
  2.2969e-09
 2.29523e-09
 2.29369e-09
 2.29226e-09
 2.29092e-09
 2.28964e-09
 2.28842e-09
 2.28723e-09
 2.28608e-09
 2.28495e-09
 2.28383e-09
 2.28271e-09
 2.28159e-09
 2.28046e-09
 2.27932e-09
 2.27815e-09
 2.27695e-09
 2.27573e-09
 2.27447e-09
 2.27316e-09
 2.27182e-09
 2.27042e-09
 2.26897e-09
 2.26746e-09
  2.2659e-09
 2.26427e-09
 2.26259e-09
 2.26084e-09
 2.25903e-09
 2.25717e-09
 2.25526e-09
 2.25331e-09
 2.25132e-09
 2.24933e-09
 2.24734e-09
 2.24539e-09
  2.2435e-09
 2.24172e-09
 2.24009e-09
 2.23865e-09
 2.23746e-09
 2.23659e-09
 2.23609e-09
 2.23603e-09
  2.2365e-09
 2.23758e-09
  2.2394e-09
 2.24209e-09
 2.24584e-09
 2.25091e-09
 2.25769e-09
 2.26672e-09
 2.27885e-09
 2.29552e-09
 2.31929e-09
 2.35539e-09
 2.41612e-09
 2.53808e-09
 2.80125e-09
 5.18209e-09
 5.46133e-09
 2.90643e-09
 2.61048e-09
 2.47075e-09
 2.40009e-09
   2.358e-09
 2.33035e-09
 2.31095e-09
 2.29668e-09
 2.28582e-09
 2.27732e-09
 2.27052e-09
 2.26498e-09
 2.26038e-09
 2.25652e-09
 2.25322e-09
 2.25037e-09
 2.24789e-09
 2.24569e-09
 2.24373e-09
 2.24196e-09
 2.24034e-09
 2.23884e-09
 2.23745e-09
 2.23614e-09
 2.23489e-09
 2.23369e-09
 2.23253e-09
  2.2314e-09
 2.23028e-09
 2.22916e-09
 2.22805e-09
 2.22693e-09
 2.22579e-09
 2.22463e-09
 2.22344e-09
 2.22222e-09
 2.22096e-09
 2.21965e-09
 2.21829e-09
 2.21688e-09
  2.2154e-09
 2.21386e-09
 2.21225e-09
 2.21056e-09
 2.20879e-09
 2.20694e-09
 2.20501e-09
 2.20299e-09
 2.20089e-09
  2.1987e-09
 2.19645e-09
 2.19413e-09
 2.19177e-09
 2.18939e-09
 2.18701e-09
 2.18467e-09
 2.18242e-09
 2.18032e-09
 2.17841e-09
 2.17676e-09
 2.17545e-09
 2.17455e-09
 2.17413e-09
 2.17428e-09
 2.17509e-09
 2.17668e-09
 2.17919e-09
 2.18282e-09
 2.18782e-09
 2.19458e-09
 2.20366e-09
 2.21593e-09
 2.23285e-09
 2.25701e-09
 2.29369e-09
  2.3552e-09
 2.47783e-09
 2.74056e-09
 5.08466e-09
 5.43437e-09
  2.8856e-09
 2.58785e-09
 2.44664e-09
 2.37494e-09
  2.3322e-09
 2.30416e-09
 2.28455e-09
 2.27017e-09
 2.25927e-09
 2.25077e-09
 2.24399e-09
 2.23848e-09
 2.23392e-09
  2.2301e-09
 2.22684e-09
 2.22404e-09
 2.22159e-09
 2.21942e-09
 2.21749e-09
 2.21574e-09
 2.21415e-09
 2.21267e-09
 2.21129e-09
 2.20999e-09
 2.20875e-09
 2.20755e-09
 2.20639e-09
 2.20525e-09
 2.20411e-09
 2.20298e-09
 2.20185e-09
  2.2007e-09
 2.19952e-09
 2.19832e-09
 2.19708e-09
  2.1958e-09
 2.19447e-09
 2.19308e-09
 2.19163e-09
 2.19011e-09
 2.18852e-09
 2.18683e-09
 2.18506e-09
 2.18319e-09
 2.18122e-09
 2.17914e-09
 2.17695e-09
 2.17463e-09
  2.1722e-09
 2.16964e-09
 2.16697e-09
 2.16419e-09
 2.16132e-09
 2.15838e-09
 2.15541e-09
 2.15243e-09
 2.14952e-09
 2.14674e-09
 2.14415e-09
 2.14186e-09
 2.13993e-09
 2.13847e-09
 2.13755e-09
 2.13726e-09
 2.13771e-09
   2.139e-09
 2.14129e-09
 2.14475e-09
 2.14966e-09
  2.1564e-09
 2.16553e-09
 2.17794e-09
 2.19511e-09
 2.21964e-09
 2.25682e-09
 2.31891e-09
 2.44187e-09
 2.70385e-09
 5.02356e-09
  5.4375e-09
 2.88255e-09
 2.58246e-09
 2.43975e-09
 2.36713e-09
 2.32384e-09
 2.29549e-09
  2.2757e-09
 2.26125e-09
 2.25032e-09
 2.24182e-09
 2.23506e-09
 2.22957e-09
 2.22505e-09
 2.22125e-09
 2.21803e-09
 2.21525e-09
 2.21282e-09
 2.21068e-09
 2.20877e-09
 2.20703e-09
 2.20545e-09
 2.20398e-09
  2.2026e-09
  2.2013e-09
 2.20005e-09
 2.19884e-09
 2.19766e-09
 2.19649e-09
 2.19533e-09
 2.19417e-09
 2.19299e-09
  2.1918e-09
 2.19057e-09
  2.1893e-09
 2.18799e-09
 2.18663e-09
  2.1852e-09
  2.1837e-09
 2.18213e-09
 2.18047e-09
 2.17871e-09
 2.17685e-09
 2.17488e-09
 2.17278e-09
 2.17054e-09
 2.16816e-09
 2.16563e-09
 2.16293e-09
 2.16007e-09
 2.15703e-09
 2.15381e-09
 2.15041e-09
 2.14686e-09
 2.14316e-09
 2.13935e-09
 2.13549e-09
 2.13164e-09
 2.12788e-09
 2.12434e-09
 2.12111e-09
 2.11831e-09
 2.11605e-09
 2.11444e-09
 2.11356e-09
 2.11352e-09
 2.11441e-09
 2.11639e-09
 2.11963e-09
 2.12439e-09
 2.13107e-09
 2.14022e-09
 2.15273e-09
 2.17009e-09
  2.1949e-09
 2.23246e-09
 2.29494e-09
 2.41804e-09
 2.67928e-09
 4.98194e-09
 5.46557e-09
 2.89367e-09
 2.59054e-09
 2.44625e-09
 2.37282e-09
 2.32911e-09
 2.30056e-09
 2.28069e-09
 2.26622e-09
  2.2553e-09
 2.24683e-09
 2.24011e-09
 2.23466e-09
 2.23017e-09
 2.22641e-09
 2.22322e-09
 2.22047e-09
 2.21806e-09
 2.21594e-09
 2.21404e-09
 2.21231e-09
 2.21073e-09
 2.20926e-09
 2.20787e-09
 2.20656e-09
 2.20529e-09
 2.20406e-09
 2.20285e-09
 2.20165e-09
 2.20045e-09
 2.19924e-09
 2.19801e-09
 2.19675e-09
 2.19545e-09
  2.1941e-09
  2.1927e-09
 2.19123e-09
 2.18968e-09
 2.18805e-09
 2.18632e-09
 2.18449e-09
 2.18253e-09
 2.18045e-09
 2.17822e-09
 2.17583e-09
 2.17326e-09
 2.17051e-09
 2.16755e-09
 2.16437e-09
 2.16095e-09
 2.15727e-09
 2.15333e-09
 2.14911e-09
 2.14462e-09
 2.13988e-09
 2.13491e-09
 2.12978e-09
 2.12457e-09
  2.1194e-09
 2.11444e-09
 2.10984e-09
 2.10577e-09
 2.10237e-09
 2.09978e-09
 2.09808e-09
 2.09736e-09
 2.09773e-09
  2.0993e-09
 2.10223e-09
 2.10679e-09
 2.11334e-09
 2.12245e-09
 2.13501e-09
 2.15249e-09
  2.1775e-09
 2.21532e-09
 2.27805e-09
 2.40118e-09
 2.66178e-09
   4.952e-09
  5.5193e-09
 2.91932e-09
 2.61242e-09
 2.46644e-09
 2.39233e-09
 2.34837e-09
 2.31976e-09
 2.29992e-09
  2.2855e-09
 2.27466e-09
 2.26626e-09
  2.2596e-09
 2.25421e-09
 2.24977e-09
 2.24606e-09
  2.2429e-09
 2.24017e-09
 2.23779e-09
 2.23568e-09
 2.23379e-09
 2.23207e-09
 2.23048e-09
   2.229e-09
  2.2276e-09
 2.22627e-09
 2.22498e-09
 2.22371e-09
 2.22247e-09
 2.22122e-09
 2.21997e-09
  2.2187e-09
  2.2174e-09
 2.21606e-09
 2.21466e-09
 2.21321e-09
 2.21169e-09
 2.21009e-09
  2.2084e-09
  2.2066e-09
 2.20468e-09
 2.20263e-09
 2.20043e-09
 2.19807e-09
 2.19552e-09
 2.19277e-09
 2.18979e-09
 2.18656e-09
 2.18306e-09
 2.17925e-09
 2.17511e-09
  2.1706e-09
 2.16569e-09
 2.16036e-09
 2.15459e-09
 2.14837e-09
 2.14173e-09
 2.13472e-09
 2.12747e-09
 2.12015e-09
   2.113e-09
  2.1063e-09
 2.10029e-09
 2.09521e-09
  2.0912e-09
 2.08835e-09
 2.08673e-09
 2.08638e-09
 2.08741e-09
 2.08994e-09
 2.09422e-09
 2.10058e-09
 2.10959e-09
 2.12213e-09
 2.13966e-09
  2.1648e-09
 2.20277e-09
 2.26565e-09
 2.38876e-09
 2.64881e-09
 4.92968e-09
 5.60467e-09
 2.96341e-09
 2.65202e-09
 2.50435e-09
 2.42976e-09
 2.38575e-09
 2.35725e-09
 2.33756e-09
  2.3233e-09
 2.31258e-09
  2.3043e-09
 2.29773e-09
 2.29242e-09
 2.28805e-09
 2.28438e-09
 2.28126e-09
 2.27857e-09
 2.27621e-09
 2.27411e-09
 2.27222e-09
 2.27049e-09
  2.2689e-09
  2.2674e-09
 2.26598e-09
 2.26462e-09
 2.26329e-09
 2.26198e-09
 2.26068e-09
 2.25938e-09
 2.25806e-09
 2.25671e-09
 2.25532e-09
 2.25387e-09
 2.25237e-09
 2.25079e-09
 2.24912e-09
 2.24735e-09
 2.24547e-09
 2.24346e-09
  2.2413e-09
 2.23898e-09
 2.23648e-09
 2.23376e-09
 2.23081e-09
  2.2276e-09
  2.2241e-09
 2.22026e-09
 2.21605e-09
 2.21142e-09
 2.20632e-09
 2.20069e-09
 2.19446e-09
 2.18758e-09
 2.17998e-09
 2.17162e-09
 2.16247e-09
  2.1526e-09
 2.14213e-09
 2.13134e-09
 2.12064e-09
 2.11051e-09
 2.10142e-09
 2.09372e-09
  2.0876e-09
 2.08311e-09
 2.08023e-09
 2.07894e-09
 2.07926e-09
 2.08128e-09
 2.08518e-09
 2.09129e-09
 2.10014e-09
  2.1126e-09
 2.13012e-09
  2.1553e-09
 2.19336e-09
 2.25631e-09
 2.37936e-09
 2.63896e-09
 4.91264e-09
 5.73515e-09
 3.03524e-09
 2.71893e-09
  2.5698e-09
 2.49507e-09
  2.4513e-09
  2.4231e-09
 2.40368e-09
 2.38965e-09
 2.37912e-09
 2.37099e-09
 2.36454e-09
 2.35932e-09
 2.35502e-09
  2.3514e-09
 2.34832e-09
 2.34565e-09
  2.3433e-09
 2.34121e-09
 2.33931e-09
 2.33758e-09
 2.33596e-09
 2.33443e-09
 2.33298e-09
 2.33156e-09
 2.33018e-09
 2.32881e-09
 2.32744e-09
 2.32605e-09
 2.32464e-09
 2.32318e-09
 2.32167e-09
 2.32009e-09
 2.31844e-09
 2.31669e-09
 2.31483e-09
 2.31285e-09
 2.31072e-09
 2.30844e-09
 2.30597e-09
 2.30329e-09
 2.30038e-09
 2.29721e-09
 2.29373e-09
 2.28991e-09
  2.2857e-09
 2.28105e-09
 2.27589e-09
 2.27014e-09
 2.26372e-09
 2.25652e-09
 2.24843e-09
 2.23931e-09
 2.22901e-09
  2.2174e-09
 2.20436e-09
 2.18986e-09
 2.17403e-09
 2.15729e-09
 2.14036e-09
 2.12425e-09
  2.1099e-09
 2.09795e-09
 2.08858e-09
  2.0817e-09
 2.07709e-09
 2.07455e-09
 2.07397e-09
 2.07533e-09
 2.07876e-09
 2.08454e-09
 2.09316e-09
 2.10549e-09
 2.12294e-09
 2.14811e-09
 2.18619e-09
 2.24917e-09
 2.37214e-09
 2.63135e-09
 4.89944e-09
 5.93892e-09
 3.15552e-09
 2.83476e-09
 2.68491e-09
 2.61063e-09
 2.56741e-09
 2.53969e-09
 2.52065e-09
 2.50689e-09
 2.49658e-09
 2.48859e-09
 2.48226e-09
 2.47712e-09
 2.47287e-09
 2.46929e-09
 2.46623e-09
 2.46357e-09
 2.46121e-09
  2.4591e-09
 2.45718e-09
 2.45541e-09
 2.45374e-09
 2.45216e-09
 2.45064e-09
 2.44915e-09
 2.44768e-09
 2.44622e-09
 2.44474e-09
 2.44323e-09
 2.44168e-09
 2.44007e-09
 2.43838e-09
 2.43662e-09
 2.43475e-09
 2.43276e-09
 2.43063e-09
 2.42835e-09
 2.42589e-09
 2.42322e-09
 2.42032e-09
 2.41715e-09
 2.41368e-09
 2.40986e-09
 2.40564e-09
 2.40097e-09
 2.39577e-09
 2.38996e-09
 2.38343e-09
 2.37607e-09
 2.36773e-09
 2.35823e-09
 2.34734e-09
 2.33482e-09
 2.32034e-09
 2.30357e-09
 2.28413e-09
 2.26175e-09
  2.2364e-09
 2.20859e-09
 2.17973e-09
 2.15212e-09
 2.12805e-09
 2.10876e-09
 2.09423e-09
 2.08384e-09
 2.07684e-09
 2.07266e-09
 2.07094e-09
  2.0715e-09
 2.07435e-09
 2.07972e-09
 2.08806e-09
  2.1002e-09
 2.11754e-09
 2.14265e-09
  2.1807e-09
 2.24366e-09
 2.36654e-09
 2.62542e-09
 4.88911e-09
 6.28351e-09
 3.37929e-09
 3.05713e-09
 2.90798e-09
 2.83473e-09
 2.79225e-09
 2.76501e-09
 2.74627e-09
 2.73271e-09
 2.72251e-09
  2.7146e-09
 2.70831e-09
 2.70318e-09
 2.69892e-09
 2.69531e-09
 2.69221e-09
  2.6895e-09
 2.68708e-09
  2.6849e-09
 2.68289e-09
 2.68102e-09
 2.67925e-09
 2.67756e-09
 2.67591e-09
 2.67428e-09
 2.67266e-09
 2.67102e-09
 2.66936e-09
 2.66764e-09
 2.66586e-09
 2.66401e-09
 2.66205e-09
 2.65997e-09
 2.65777e-09
  2.6554e-09
 2.65285e-09
 2.65009e-09
  2.6471e-09
 2.64383e-09
 2.64026e-09
 2.63632e-09
 2.63197e-09
 2.62715e-09
 2.62178e-09
 2.61577e-09
 2.60901e-09
 2.60137e-09
 2.59269e-09
 2.58276e-09
 2.57134e-09
 2.55811e-09
 2.54267e-09
 2.52452e-09
   2.503e-09
 2.47733e-09
 2.44654e-09
 2.40958e-09
 2.36559e-09
  2.3146e-09
 2.25902e-09
 2.20513e-09
 2.16066e-09
 2.12786e-09
 2.10496e-09
 2.08941e-09
 2.07917e-09
 2.07289e-09
 2.06976e-09
 2.06935e-09
 2.07153e-09
 2.07641e-09
 2.08442e-09
 2.09631e-09
 2.11349e-09
  2.1385e-09
  2.1765e-09
 2.23941e-09
 2.36218e-09
 2.62079e-09
 4.88102e-09
 6.90767e-09
  3.8185e-09
 3.50459e-09
 3.35851e-09
 3.28641e-09
 3.24425e-09
 3.21701e-09
 3.19816e-09
 3.18444e-09
 3.17406e-09
 3.16596e-09
 3.15948e-09
 3.15417e-09
 3.14972e-09
 3.14593e-09
 3.14265e-09
 3.13974e-09
 3.13713e-09
 3.13475e-09
 3.13254e-09
 3.13045e-09
 3.12845e-09
 3.12652e-09
 3.12461e-09
 3.12271e-09
 3.12079e-09
 3.11883e-09
 3.11682e-09
 3.11473e-09
 3.11254e-09
 3.11024e-09
 3.10779e-09
 3.10517e-09
 3.10237e-09
 3.09934e-09
 3.09606e-09
 3.09248e-09
 3.08857e-09
 3.08427e-09
 3.07953e-09
 3.07427e-09
 3.06842e-09
 3.06187e-09
 3.05452e-09
 3.04621e-09
 3.03677e-09
 3.02599e-09
  3.0136e-09
 2.99924e-09
 2.98248e-09
 2.96275e-09
 2.93932e-09
  2.9112e-09
 2.87709e-09
 2.83526e-09
 2.78337e-09
 2.71839e-09
 2.63663e-09
 2.53527e-09
 2.41745e-09
 2.30699e-09
 2.21588e-09
 2.15758e-09
 2.12118e-09
  2.0983e-09
  2.0838e-09
 2.07492e-09
 2.07011e-09
 2.06857e-09
 2.06997e-09
 2.07431e-09
 2.08192e-09
 2.09354e-09
 2.11052e-09
  2.1354e-09
  2.1733e-09
 2.23614e-09
 2.35881e-09
 2.61718e-09
 4.87471e-09
 1.05324e-08
 7.33842e-09
 6.92119e-09
 6.71941e-09
 6.61412e-09
 6.55083e-09
 6.50921e-09
    6.48e-09
 6.45848e-09
   6.442e-09
 6.42898e-09
 6.41842e-09
 6.40965e-09
 6.40221e-09
 6.39577e-09
 6.39008e-09
 6.38497e-09
 6.38029e-09
 6.37594e-09
 6.37183e-09
 6.36787e-09
 6.36401e-09
 6.36019e-09
 6.35636e-09
 6.35248e-09
 6.34851e-09
 6.34439e-09
  6.3401e-09
 6.33558e-09
 6.33079e-09
 6.32568e-09
 6.32021e-09
  6.3143e-09
  6.3079e-09
 6.30093e-09
  6.2933e-09
 6.28492e-09
 6.27566e-09
 6.26541e-09
 6.25399e-09
 6.24121e-09
 6.22685e-09
 6.21062e-09
 6.19219e-09
 6.17113e-09
  6.1469e-09
 6.11886e-09
 6.08614e-09
 6.04765e-09
 6.00195e-09
 5.94716e-09
 5.88072e-09
 5.79911e-09
 5.69745e-09
 5.56869e-09
 5.40234e-09
 5.18188e-09
 4.87899e-09
 4.43795e-09
 3.70348e-09
 2.66271e-09
 2.30447e-09
 2.19954e-09
 2.14275e-09
 2.11014e-09
  2.0904e-09
 2.07844e-09
 2.07171e-09
 2.06891e-09
 2.06944e-09
 2.07317e-09
 2.08035e-09
 2.09165e-09
 2.10841e-09
 2.13313e-09
 2.17092e-09
 2.23366e-09
 2.35623e-09
  2.6144e-09
 4.86983e-09
 3.70126e-09
 2.41284e-09
 2.25136e-09
  2.1683e-09
 2.12421e-09
 2.09849e-09
 2.08312e-09
 2.07429e-09
 2.07013e-09
 2.06973e-09
 2.07281e-09
 2.07952e-09
 2.09049e-09
 2.10699e-09
 2.13153e-09
 2.16918e-09
 2.23183e-09
 2.35429e-09
  2.6123e-09
 4.86614e-09
 4.43341e-09
 2.52889e-09
 2.30522e-09
 2.19546e-09
 2.13946e-09
 2.10753e-09
 2.08861e-09
  2.0776e-09
 2.07203e-09
 2.07068e-09
 2.07308e-09
  2.0793e-09
 2.08991e-09
 2.10615e-09
 2.13048e-09
 2.16799e-09
 2.23052e-09
 2.35289e-09
 2.61076e-09
 4.86344e-09
 4.87216e-09
 2.62876e-09
 2.35479e-09
 2.22188e-09
 2.15482e-09
 2.11695e-09
 2.09457e-09
 2.08142e-09
 2.07444e-09
 2.07213e-09
 2.07385e-09
 2.07957e-09
 2.08981e-09
 2.10577e-09
  2.1299e-09
 2.16726e-09
 2.22967e-09
 2.35194e-09
 2.60971e-09
 4.86159e-09
 5.17296e-09
 2.70926e-09
  2.3976e-09
  2.2461e-09
 2.16953e-09
 2.12632e-09
 2.10073e-09
 2.08555e-09
 2.07721e-09
 2.07396e-09
 2.07501e-09
 2.08023e-09
  2.0901e-09
 2.10579e-09
  2.1297e-09
  2.1669e-09
 2.22919e-09
 2.35137e-09
 2.60906e-09
 4.86047e-09
 5.39159e-09
 2.77319e-09
 2.43359e-09
 2.26756e-09
 2.18314e-09
 2.13532e-09
 2.10687e-09
 2.08982e-09
 2.08022e-09
 2.07607e-09
 2.07647e-09
 2.08122e-09
 2.09072e-09
 2.10612e-09
 2.12983e-09
 2.16686e-09
 2.22904e-09
 2.35113e-09
 2.60877e-09
 4.85998e-09
 5.55638e-09
 2.82422e-09
 2.46362e-09
 2.28627e-09
 2.19548e-09
 2.14378e-09
 2.11284e-09
 2.09412e-09
 2.08336e-09
 2.07839e-09
 2.07817e-09
 2.08245e-09
  2.0916e-09
 2.10674e-09
 2.13023e-09
  2.1671e-09
 2.22916e-09
 2.35118e-09
 2.60879e-09
 4.86006e-09
 5.68387e-09
 2.86539e-09
  2.4887e-09
  2.3025e-09
 2.20657e-09
 2.15163e-09
 2.11856e-09
 2.09838e-09
 2.08658e-09
 2.08084e-09
 2.08005e-09
  2.0839e-09
 2.09271e-09
 2.10758e-09
 2.13087e-09
 2.16758e-09
 2.22953e-09
 2.35149e-09
 2.60909e-09
 4.86065e-09
 5.78456e-09
   2.899e-09
 2.50979e-09
 2.31659e-09
  2.2165e-09
 2.15889e-09
   2.124e-09
 2.10254e-09
 2.08982e-09
 2.08338e-09
 2.08207e-09
 2.08551e-09
   2.094e-09
 2.10862e-09
 2.13171e-09
 2.16828e-09
 2.23012e-09
 2.35203e-09
 2.60964e-09
  4.8617e-09
 5.86548e-09
  2.9268e-09
 2.52769e-09
 2.32888e-09
 2.22542e-09
 2.16558e-09
 2.12915e-09
 2.10659e-09
 2.09304e-09
 2.08599e-09
  2.0842e-09
 2.08726e-09
 2.09546e-09
 2.10984e-09
 2.13274e-09
 2.16917e-09
 2.23092e-09
 2.35278e-09
 2.61042e-09
 4.86319e-09
 5.93153e-09
 2.95008e-09
 2.54301e-09
 2.33968e-09
 2.23345e-09
 2.17176e-09
 2.13403e-09
 2.11052e-09
 2.09625e-09
 2.08865e-09
 2.08642e-09
 2.08914e-09
 2.09705e-09
 2.11121e-09
 2.13394e-09
 2.17024e-09
 2.23189e-09
 2.35372e-09
 2.61143e-09
 4.86509e-09
 5.98622e-09
 2.96981e-09
 2.55629e-09
 2.34925e-09
 2.24074e-09
 2.17751e-09
 2.13867e-09
 2.11433e-09
 2.09943e-09
 2.09134e-09
 2.08872e-09
 2.09112e-09
 2.09878e-09
 2.11274e-09
 2.13531e-09
 2.17148e-09
 2.23305e-09
 2.35486e-09
 2.61265e-09
 4.86739e-09
  6.0321e-09
 2.98674e-09
  2.5679e-09
 2.35782e-09
  2.2474e-09
 2.18287e-09
 2.14309e-09
 2.11804e-09
  2.1026e-09
 2.09406e-09
  2.0911e-09
 2.09321e-09
 2.10064e-09
 2.11441e-09
 2.13682e-09
 2.17288e-09
 2.23438e-09
 2.35618e-09
 2.61407e-09
 4.87008e-09
 6.07108e-09
 3.00144e-09
 2.57818e-09
 2.36555e-09
 2.25355e-09
 2.18792e-09
 2.14734e-09
 2.12168e-09
 2.10575e-09
 2.09684e-09
 2.09356e-09
 2.09542e-09
 2.10263e-09
 2.11623e-09
  2.1385e-09
 2.17445e-09
 2.23589e-09
  2.3577e-09
 2.61572e-09
 4.87318e-09
 6.10461e-09
 3.01436e-09
 2.58739e-09
 2.37263e-09
 2.25929e-09
 2.19273e-09
 2.15146e-09
 2.12527e-09
 2.10893e-09
 2.09967e-09
 2.09611e-09
 2.09774e-09
 2.10476e-09
  2.1182e-09
 2.14034e-09
  2.1762e-09
 2.23759e-09
 2.35942e-09
 2.61758e-09
  4.8767e-09
 6.13381e-09
 3.02587e-09
 2.59574e-09
 2.37917e-09
  2.2647e-09
 2.19735e-09
 2.15549e-09
 2.12885e-09
 2.11214e-09
 2.10259e-09
 2.09878e-09
  2.1002e-09
 2.10705e-09
 2.12034e-09
 2.14237e-09
 2.17814e-09
 2.23949e-09
 2.36134e-09
 2.61969e-09
 4.88067e-09
 6.15954e-09
 3.03624e-09
 2.60342e-09
  2.3853e-09
 2.26987e-09
 2.20184e-09
 2.15949e-09
 2.13246e-09
 2.11543e-09
 2.10562e-09
  2.1016e-09
 2.10283e-09
 2.10952e-09
 2.12268e-09
  2.1446e-09
 2.18029e-09
  2.2416e-09
 2.36351e-09
 2.62205e-09
 4.88513e-09
 6.18252e-09
 3.04573e-09
 2.61058e-09
 2.39114e-09
 2.27489e-09
 2.20629e-09
 2.16351e-09
 2.13614e-09
 2.11885e-09
  2.1088e-09
 2.10459e-09
 2.10566e-09
 2.11221e-09
 2.12524e-09
 2.14706e-09
 2.18269e-09
 2.24397e-09
 2.36593e-09
 2.62471e-09
 4.89014e-09
 6.20334e-09
 3.05454e-09
 2.61737e-09
  2.3968e-09
 2.27984e-09
 2.21075e-09
 2.16761e-09
 2.13996e-09
 2.12243e-09
 2.11219e-09
  2.1078e-09
 2.10873e-09
 2.11515e-09
 2.12807e-09
  2.1498e-09
 2.18536e-09
 2.24663e-09
 2.36866e-09
  2.6277e-09
 4.89576e-09
 6.22247e-09
 3.06286e-09
 2.62393e-09
 2.40237e-09
 2.28481e-09
 2.21532e-09
 2.17187e-09
 2.14398e-09
 2.12625e-09
 2.11584e-09
 2.11131e-09
  2.1121e-09
  2.1184e-09
 2.13122e-09
 2.15287e-09
 2.18837e-09
 2.24962e-09
 2.37174e-09
 2.63107e-09
 4.90209e-09
 6.24037e-09
 3.07088e-09
 2.63039e-09
 2.40797e-09
 2.28991e-09
 2.22008e-09
 2.17637e-09
 2.14828e-09
 2.13039e-09
 2.11984e-09
 2.11517e-09
 2.11585e-09
 2.12204e-09
 2.13476e-09
 2.15633e-09
 2.19177e-09
 2.25302e-09
 2.37524e-09
  2.6349e-09
 4.90926e-09
 6.25743e-09
 3.07877e-09
 2.63689e-09
 2.41374e-09
 2.29525e-09
 2.22514e-09
 2.18123e-09
 2.15298e-09
 2.13495e-09
 2.12427e-09
  2.1195e-09
 2.12007e-09
 2.12616e-09
 2.13879e-09
 2.16028e-09
 2.19567e-09
 2.25691e-09
 2.37925e-09
 2.63928e-09
 4.91742e-09
 6.27405e-09
 3.08672e-09
  2.6436e-09
 2.41982e-09
 2.30098e-09
 2.23064e-09
 2.18658e-09
  2.1582e-09
 2.14006e-09
 2.12929e-09
 2.12442e-09
 2.12489e-09
 2.13089e-09
 2.14343e-09
 2.16483e-09
 2.20016e-09
  2.2614e-09
 2.38387e-09
 2.64432e-09
 4.92678e-09
 6.29065e-09
 3.09496e-09
 2.65072e-09
 2.42639e-09
 2.30728e-09
 2.23677e-09
  2.1926e-09
 2.16413e-09
 2.14591e-09
 2.13506e-09
  2.1301e-09
 2.13048e-09
 2.13639e-09
 2.14883e-09
 2.17015e-09
 2.20542e-09
 2.26665e-09
 2.38926e-09
 2.65018e-09
 4.93761e-09
 6.30771e-09
 3.10374e-09
  2.6585e-09
 2.43371e-09
 2.31438e-09
 2.24377e-09
 2.19953e-09
   2.171e-09
 2.15273e-09
 2.14181e-09
 2.13678e-09
 2.13707e-09
 2.14288e-09
 2.15523e-09
 2.17645e-09
 2.21165e-09
 2.27287e-09
 2.39563e-09
 2.65708e-09
 4.95029e-09
  6.3258e-09
 3.11342e-09
 2.66725e-09
 2.44209e-09
 2.32263e-09
 2.25197e-09
  2.2077e-09
 2.17916e-09
 2.16085e-09
 2.14989e-09
 2.14478e-09
 2.14499e-09
  2.1507e-09
 2.16293e-09
 2.18404e-09
 2.21914e-09
 2.28033e-09
 2.40325e-09
 2.66532e-09
 4.96532e-09
 6.34571e-09
 3.12446e-09
 2.67746e-09
 2.45201e-09
 2.33249e-09
 2.26184e-09
  2.2176e-09
 2.18907e-09
 2.17075e-09
 2.15975e-09
 2.15458e-09
  2.1547e-09
 2.16029e-09
 2.17238e-09
 2.19335e-09
 2.22832e-09
 2.28946e-09
 2.41255e-09
  2.6753e-09
 4.98342e-09
 6.36851e-09
 3.13757e-09
 2.68981e-09
 2.46416e-09
 2.34467e-09
  2.2741e-09
 2.22994e-09
 2.20145e-09
 2.18314e-09
 2.17211e-09
 2.16687e-09
 2.16688e-09
 2.17232e-09
 2.18425e-09
 2.20502e-09
 2.23983e-09
 2.30087e-09
 2.42412e-09
 2.68766e-09
 5.00565e-09
 6.39585e-09
 3.15383e-09
 2.70538e-09
 2.47965e-09
 2.36028e-09
 2.28987e-09
 2.24583e-09
 2.21741e-09
 2.19912e-09
 2.18804e-09
 2.18271e-09
 2.18258e-09
 2.18784e-09
 2.19954e-09
 2.22008e-09
 2.25464e-09
 2.31552e-09
 2.43891e-09
 2.70335e-09
 5.03359e-09
 6.43042e-09
 3.17504e-09
 2.72599e-09
 2.50032e-09
  2.3812e-09
 2.31102e-09
 2.26712e-09
 2.23877e-09
 2.22047e-09
 2.20931e-09
 2.20385e-09
 2.20353e-09
 2.20855e-09
 2.21996e-09
 2.24016e-09
 2.27438e-09
   2.335e-09
 2.45847e-09
 2.72393e-09
 5.06983e-09
 6.47696e-09
 3.20443e-09
 2.75495e-09
 2.52953e-09
 2.41079e-09
 2.34087e-09
 2.29711e-09
 2.26877e-09
 2.25038e-09
 2.23907e-09
 2.23339e-09
  2.2328e-09
 2.23749e-09
  2.2485e-09
 2.26824e-09
 2.30197e-09
 2.36215e-09
  2.4856e-09
  2.7522e-09
 5.11881e-09
 6.54469e-09
  3.2485e-09
 2.79893e-09
 2.57404e-09
 2.45576e-09
 2.38605e-09
 2.34226e-09
 2.31376e-09
 2.29511e-09
 2.28347e-09
 2.27742e-09
  2.2764e-09
 2.28061e-09
 2.29109e-09
 2.31021e-09
 2.34324e-09
 2.40274e-09
 2.52592e-09
 2.79367e-09
 5.18895e-09
 6.65384e-09
 3.32216e-09
 2.87332e-09
 2.64924e-09
 2.53128e-09
 2.46138e-09
 2.41712e-09
 2.38799e-09
 2.36867e-09
 2.35635e-09
 2.34962e-09
 2.34792e-09
 2.35144e-09
 2.36118e-09
  2.3795e-09
  2.4116e-09
 2.47008e-09
 2.59253e-09
 2.86102e-09
 5.29822e-09
 6.85853e-09
 3.46908e-09
 3.02283e-09
 2.79916e-09
 2.68028e-09
 2.60876e-09
 2.56267e-09
 2.53177e-09
 2.51081e-09
 2.49702e-09
 2.48899e-09
 2.48614e-09
 2.48862e-09
 2.49739e-09
 2.51477e-09
 2.54587e-09
 2.60314e-09
 2.72428e-09
 2.99175e-09
 5.49361e-09
 7.27683e-09
 3.78234e-09
  3.3437e-09
 3.11816e-09
 2.99441e-09
 2.91753e-09
 2.86649e-09
 2.83126e-09
 2.80665e-09
 2.78982e-09
 2.77927e-09
 2.77439e-09
 2.77526e-09
 2.78284e-09
 2.79937e-09
 2.82989e-09
 2.88647e-09
 3.00566e-09
 3.26635e-09
 5.87696e-09
  1.0451e-08
  6.8481e-09
 6.22281e-09
 5.87392e-09
 5.66334e-09
 5.52346e-09
 5.42549e-09
 5.35471e-09
   5.303e-09
 5.26572e-09
 5.24026e-09
 5.22543e-09
 5.22127e-09
 5.22916e-09
 5.25261e-09
 5.29918e-09
 5.38597e-09
 5.55883e-09
 5.91787e-09
 8.58678e-09
Consists of 5900 rows and 1 columns
Total charge is 4.42243e-11
Calculation duration is 3.01647s
List of constants: 
const double PLATE_HEIGHT(0.16);
const double PLATE_WIDTH(0.1);
const int CELL_NUMBER_HEIGHT(80);
const int CELL_NUMBER_WIDTH(50);
const int MASK_OUTER_COL_WIDTH(15);
const int MASK_CENTER_COL_WIDTH(20);
const int MASK_ROW_HEIGHT(20);
const char MASK_CHARACTER('L');
const double PLATE_TOP_POTENTIAL(1.0);
const double PLATTE_BOT_POTENTIAL(-1.0);
const double PI(3.14159265358979323846);
const double EPS(8.854187817e-12);